[]: 0
[(1,)]: 1
[(2,)]: 2
[(1, 1)]: 2
[(2, 1)]: 0
[(3,)]: 1
[(2, 2)]: 0
[(3, 2)]: 4
[(1, 1, 1)]: 1
[(2, 2, 1)]: 4
[(3, 2, 1)]: 1
[(4,)]: 2
[(3, 3)]: 2
[(4, 3)]: 0
[(2, 2, 2)]: 2
[(3, 3, 2)]: 0
[(4, 3, 2)]: 2
[(1, 1, 1, 1)]: 2
[(2, 2, 2, 1)]: 0
[(3, 3, 2, 1)]: 2
[(4, 3, 2, 1)]: 0
[(5,)]: 1
[(4, 4)]: 0
[(5, 4)]: 4
[(3, 3, 3)]: 1
[(4, 4, 3)]: 2
[(5, 4, 3)]: 1
[(2, 2, 2, 2)]: 0
[(3, 3, 3, 2)]: 2
[(4, 4, 3, 2)]: 0
[(5, 4, 3, 2)]: 4
[(1, 1, 1, 1, 1)]: 1
[(2, 2, 2, 2, 1)]: 4
[(3, 3, 3, 2, 1)]: 1
[(4, 4, 3, 2, 1)]: 4
[(5, 4, 3, 2, 1)]: 1
[(6,)]: 2
[(5, 5)]: 2
[(6, 5)]: 0
[(4, 4, 4)]: 2
[(5, 5, 4)]: 0
[(6, 5, 4)]: 2
[(3, 3, 3, 3)]: 2
[(4, 4, 4, 3)]: 0
[(5, 5, 4, 3)]: 2
[(6, 5, 4, 3)]: 0
[(2, 2, 2, 2, 2)]: 2
[(3, 3, 3, 3, 2)]: 0
[(4, 4, 4, 3, 2)]: 2
[(5, 5, 4, 3, 2)]: 0
[(6, 5, 4, 3, 2)]: 2
[(1, 1, 1, 1, 1, 1)]: 2
[(2, 2, 2, 2, 2, 1)]: 0
[(3, 3, 3, 3, 2, 1)]: 2
[(4, 4, 4, 3, 2, 1)]: 0
[(5, 5, 4, 3, 2, 1)]: 2
[(6, 5, 4, 3, 2, 1)]: 0
[(7,)]: 1
[(6, 6)]: 0
[(7, 6)]: 4
[(5, 5, 5)]: 1
[(6, 6, 5)]: 4
[(7, 6, 5)]: 1
[(4, 4, 4, 4)]: 0
[(5, 5, 5, 4)]: 2
[(6, 6, 5, 4)]: 0
[(7, 6, 5, 4)]: 4
[(3, 3, 3, 3, 3)]: 1
[(4, 4, 4, 4, 3)]: 2
[(5, 5, 5, 4, 3)]: 1
[(6, 6, 5, 4, 3)]: 2
[(7, 6, 5, 4, 3)]: 1
[(2, 2, 2, 2, 2, 2)]: 0
[(3, 3, 3, 3, 3, 2)]: 4
[(4, 4, 4, 4, 3, 2)]: 0
[(5, 5, 5, 4, 3, 2)]: 2
[(6, 6, 5, 4, 3, 2)]: 1
[(7, 6, 5, 4, 3, 2)]: 4
[(1, 1, 1, 1, 1, 1, 1)]: 1
[(2, 2, 2, 2, 2, 2, 1)]: 4
[(3, 3, 3, 3, 3, 2, 1)]: 1
[(4, 4, 4, 4, 3, 2, 1)]: 4
[(5, 5, 5, 4, 3, 2, 1)]: 1
[(6, 6, 5, 4, 3, 2, 1)]: 4
[(7, 6, 5, 4, 3, 2, 1)]: 1
[(8,)]: 2
[(7, 7)]: 2
[(8, 7)]: 0
[(6, 6, 6)]: 2
[(7, 7, 6)]: 5
[(8, 7, 6)]: 2
[(5, 5, 5, 5)]: 2
[(6, 6, 6, 5)]: 0
[(7, 7, 6, 5)]: 2
[(8, 7, 6, 5)]: 0
[(4, 4, 4, 4, 4)]: 2
[(5, 5, 5, 5, 4)]: 0
[(6, 6, 6, 5, 4)]: 2
[(7, 7, 6, 5, 4)]: 0
[(8, 7, 6, 5, 4)]: 2
[(3, 3, 3, 3, 3, 3)]: 2
[(4, 4, 4, 4, 4, 3)]: 0
[(5, 5, 5, 5, 4, 3)]: 2
[(6, 6, 6, 5, 4, 3)]: 0
[(7, 7, 6, 5, 4, 3)]: 2
[(8, 7, 6, 5, 4, 3)]: 0
[(2, 2, 2, 2, 2, 2, 2)]: 2
[(3, 3, 3, 3, 3, 3, 2)]: 5
[(4, 4, 4, 4, 4, 3, 2)]: 2
[(5, 5, 5, 5, 4, 3, 2)]: 0
[(6, 6, 6, 5, 4, 3, 2)]: 2
[(7, 7, 6, 5, 4, 3, 2)]: 0
[(8, 7, 6, 5, 4, 3, 2)]: 2
[(1, 1, 1, 1, 1, 1, 1, 1)]: 2
[(2, 2, 2, 2, 2, 2, 2, 1)]: 0
[(3, 3, 3, 3, 3, 3, 2, 1)]: 2
[(4, 4, 4, 4, 4, 3, 2, 1)]: 0
[(5, 5, 5, 5, 4, 3, 2, 1)]: 2
[(6, 6, 6, 5, 4, 3, 2, 1)]: 0
[(7, 7, 6, 5, 4, 3, 2, 1)]: 2
[(8, 7, 6, 5, 4, 3, 2, 1)]: 0
[(9,)]: 1
[(8, 8)]: 0
[(9, 8)]: 4
[(7, 7, 7)]: 1
[(8, 8, 7)]: 4
[(9, 8, 7)]: 1
[(6, 6, 6, 6)]: 0
[(7, 7, 7, 6)]: 2
[(8, 8, 7, 6)]: 0
[(9, 8, 7, 6)]: 4
[(5, 5, 5, 5, 5)]: 1
[(6, 6, 6, 6, 5)]: 4
[(7, 7, 7, 6, 5)]: 1
[(8, 8, 7, 6, 5)]: 4
[(9, 8, 7, 6, 5)]: 1
[(4, 4, 4, 4, 4, 4)]: 0
[(5, 5, 5, 5, 5, 4)]: 4
[(6, 6, 6, 6, 5, 4)]: 0
[(7, 7, 7, 6, 5, 4)]: 2
[(8, 8, 7, 6, 5, 4)]: 1
[(9, 8, 7, 6, 5, 4)]: 4
[(3, 3, 3, 3, 3, 3, 3)]: 1
[(4, 4, 4, 4, 4, 4, 3)]: 2
[(5, 5, 5, 5, 5, 4, 3)]: 1
[(6, 6, 6, 6, 5, 4, 3)]: 2
[(7, 7, 7, 6, 5, 4, 3)]: 1
[(8, 8, 7, 6, 5, 4, 3)]: 2
[(9, 8, 7, 6, 5, 4, 3)]: 1
[(2, 2, 2, 2, 2, 2, 2, 2)]: 0
[(3, 3, 3, 3, 3, 3, 3, 2)]: 4
[(4, 4, 4, 4, 4, 4, 3, 2)]: 0
[(5, 5, 5, 5, 5, 4, 3, 2)]: 4
[(6, 6, 6, 6, 5, 4, 3, 2)]: 1
[(7, 7, 7, 6, 5, 4, 3, 2)]: 2
[(8, 8, 7, 6, 5, 4, 3, 2)]: 1
[(9, 8, 7, 6, 5, 4, 3, 2)]: 4
[(1, 1, 1, 1, 1, 1, 1, 1, 1)]: 1
[(2, 2, 2, 2, 2, 2, 2, 2, 1)]: 4
[(3, 3, 3, 3, 3, 3, 3, 2, 1)]: 1
[(4, 4, 4, 4, 4, 4, 3, 2, 1)]: 4
[(5, 5, 5, 5, 5, 4, 3, 2, 1)]: 1
[(6, 6, 6, 6, 5, 4, 3, 2, 1)]: 4
[(7, 7, 7, 6, 5, 4, 3, 2, 1)]: 1
[(8, 8, 7, 6, 5, 4, 3, 2, 1)]: 4
[(9, 8, 7, 6, 5, 4, 3, 2, 1)]: 1
[(10,)]: 2
[(9, 9)]: 2
[(10, 9)]: 0
[(8, 8, 8)]: 2
[(9, 9, 8)]: 5
[(10, 9, 8)]: 2
[(7, 7, 7, 7)]: 2
[(8, 8, 8, 7)]: 0
[(9, 9, 8, 7)]: 2
[(10, 9, 8, 7)]: 0
[(6, 6, 6, 6, 6)]: 2
[(7, 7, 7, 7, 6)]: 5
[(8, 8, 8, 7, 6)]: 2
[(9, 9, 8, 7, 6)]: 5
[(10, 9, 8, 7, 6)]: 2
[(5, 5, 5, 5, 5, 5)]: 2
[(6, 6, 6, 6, 6, 5)]: 0
[(7, 7, 7, 7, 6, 5)]: 2
[(8, 8, 8, 7, 6, 5)]: 0
[(9, 9, 8, 7, 6, 5)]: 2
[(10, 9, 8, 7, 6, 5)]: 0
[(4, 4, 4, 4, 4, 4, 4)]: 2
[(5, 5, 5, 5, 5, 5, 4)]: 5
[(6, 6, 6, 6, 6, 5, 4)]: 2
[(7, 7, 7, 7, 6, 5, 4)]: 0
[(8, 8, 8, 7, 6, 5, 4)]: 2
[(9, 9, 8, 7, 6, 5, 4)]: 0
[(10, 9, 8, 7, 6, 5, 4)]: 2
[(3, 3, 3, 3, 3, 3, 3, 3)]: 2
[(4, 4, 4, 4, 4, 4, 4, 3)]: 0
[(5, 5, 5, 5, 5, 5, 4, 3)]: 2
[(6, 6, 6, 6, 6, 5, 4, 3)]: 0
[(7, 7, 7, 7, 6, 5, 4, 3)]: 2
[(8, 8, 8, 7, 6, 5, 4, 3)]: 0
[(9, 9, 8, 7, 6, 5, 4, 3)]: 2
[(10, 9, 8, 7, 6, 5, 4, 3)]: 0
[(2, 2, 2, 2, 2, 2, 2, 2, 2)]: 2
[(3, 3, 3, 3, 3, 3, 3, 3, 2)]: 5
[(4, 4, 4, 4, 4, 4, 4, 3, 2)]: 2
[(5, 5, 5, 5, 5, 5, 4, 3, 2)]: 5
[(6, 6, 6, 6, 6, 5, 4, 3, 2)]: 2
[(7, 7, 7, 7, 6, 5, 4, 3, 2)]: 0
[(8, 8, 8, 7, 6, 5, 4, 3, 2)]: 2
[(9, 9, 8, 7, 6, 5, 4, 3, 2)]: 0
[(10, 9, 8, 7, 6, 5, 4, 3, 2)]: 2
[(1, 1, 1, 1, 1, 1, 1, 1, 1, 1)]: 2
[(2, 2, 2, 2, 2, 2, 2, 2, 2, 1)]: 0
[(3, 3, 3, 3, 3, 3, 3, 3, 2, 1)]: 2
[(4, 4, 4, 4, 4, 4, 4, 3, 2, 1)]: 0
[(5, 5, 5, 5, 5, 5, 4, 3, 2, 1)]: 2
[(6, 6, 6, 6, 6, 5, 4, 3, 2, 1)]: 0
[(7, 7, 7, 7, 6, 5, 4, 3, 2, 1)]: 2
[(8, 8, 8, 7, 6, 5, 4, 3, 2, 1)]: 0
[(9, 9, 8, 7, 6, 5, 4, 3, 2, 1)]: 2
[(10, 9, 8, 7, 6, 5, 4, 3, 2, 1)]: 0
[(11,)]: 1
[(10, 10)]: 0
[(11, 10)]: 4
[(9, 9, 9)]: 1
[(10, 10, 9)]: 4
[(11, 10, 9)]: 1
[(8, 8, 8, 8)]: 0
[(9, 9, 9, 8)]: 2
[(10, 10, 9, 8)]: 0
[(11, 10, 9, 8)]: 4
[(7, 7, 7, 7, 7)]: 1
[(8, 8, 8, 8, 7)]: 4
[(9, 9, 9, 8, 7)]: 1
[(10, 10, 9, 8, 7)]: 4
[(11, 10, 9, 8, 7)]: 1
[(6, 6, 6, 6, 6, 6)]: 0
[(7, 7, 7, 7, 7, 6)]: 2
[(8, 8, 8, 8, 7, 6)]: 0
[(9, 9, 9, 8, 7, 6)]: 2
[(10, 10, 9, 8, 7, 6)]: 1
[(11, 10, 9, 8, 7, 6)]: 4
[(5, 5, 5, 5, 5, 5, 5)]: 1
[(6, 6, 6, 6, 6, 6, 5)]: 2
[(7, 7, 7, 7, 7, 6, 5)]: 1
[(8, 8, 8, 8, 7, 6, 5)]: 4
[(9, 9, 9, 8, 7, 6, 5)]: 1
[(10, 10, 9, 8, 7, 6, 5)]: 4
[(11, 10, 9, 8, 7, 6, 5)]: 1
[(4, 4, 4, 4, 4, 4, 4, 4)]: 0
[(5, 5, 5, 5, 5, 5, 5, 4)]: 4
[(6, 6, 6, 6, 6, 6, 5, 4)]: 0
[(7, 7, 7, 7, 7, 6, 5, 4)]: 4
[(8, 8, 8, 8, 7, 6, 5, 4)]: 1
[(9, 9, 9, 8, 7, 6, 5, 4)]: 2
[(10, 10, 9, 8, 7, 6, 5, 4)]: 1
[(11, 10, 9, 8, 7, 6, 5, 4)]: 4
[(3, 3, 3, 3, 3, 3, 3, 3, 3)]: 1
[(4, 4, 4, 4, 4, 4, 4, 4, 3)]: 2
[(5, 5, 5, 5, 5, 5, 5, 4, 3)]: 1
[(6, 6, 6, 6, 6, 6, 5, 4, 3)]: 2
[(7, 7, 7, 7, 7, 6, 5, 4, 3)]: 1
[(8, 8, 8, 8, 7, 6, 5, 4, 3)]: 2
[(9, 9, 9, 8, 7, 6, 5, 4, 3)]: 1
[(10, 10, 9, 8, 7, 6, 5, 4, 3)]: 2
[(11, 10, 9, 8, 7, 6, 5, 4, 3)]: 1
[(2, 2, 2, 2, 2, 2, 2, 2, 2, 2)]: 0
[(3, 3, 3, 3, 3, 3, 3, 3, 3, 2)]: 4
[(4, 4, 4, 4, 4, 4, 4, 4, 3, 2)]: 0
[(5, 5, 5, 5, 5, 5, 5, 4, 3, 2)]: 4
[(6, 6, 6, 6, 6, 6, 5, 4, 3, 2)]: 1
[(7, 7, 7, 7, 7, 6, 5, 4, 3, 2)]: 4
[(8, 8, 8, 8, 7, 6, 5, 4, 3, 2)]: 1
[(9, 9, 9, 8, 7, 6, 5, 4, 3, 2)]: 2
[(10, 10, 9, 8, 7, 6, 5, 4, 3, 2)]: 1
[(11, 10, 9, 8, 7, 6, 5, 4, 3, 2)]: 4
[(1, 1, 1, 1, 1, 1, 1, 1, 1, 1, 1)]: 1
[(2, 2, 2, 2, 2, 2, 2, 2, 2, 2, 1)]: 4
[(3, 3, 3, 3, 3, 3, 3, 3, 3, 2, 1)]: 1
[(4, 4, 4, 4, 4, 4, 4, 4, 3, 2, 1)]: 4
[(5, 5, 5, 5, 5, 5, 5, 4, 3, 2, 1)]: 1
[(6, 6, 6, 6, 6, 6, 5, 4, 3, 2, 1)]: 4
[(7, 7, 7, 7, 7, 6, 5, 4, 3, 2, 1)]: 1
[(8, 8, 8, 8, 7, 6, 5, 4, 3, 2, 1)]: 4
[(9, 9, 9, 8, 7, 6, 5, 4, 3, 2, 1)]: 1
[(10, 10, 9, 8, 7, 6, 5, 4, 3, 2, 1)]: 4
[(11, 10, 9, 8, 7, 6, 5, 4, 3, 2, 1)]: 1
[(12,)]: 2
[(11, 11)]: 2
[(12, 11)]: 0
[(10, 10, 10)]: 2
[(11, 11, 10)]: 5
[(12, 11, 10)]: 2
[(9, 9, 9, 9)]: 2
[(10, 10, 10, 9)]: 0
[(11, 11, 10, 9)]: 2
[(12, 11, 10, 9)]: 0
[(8, 8, 8, 8, 8)]: 2
[(9, 9, 9, 9, 8)]: 5
[(10, 10, 10, 9, 8)]: 2
[(11, 11, 10, 9, 8)]: 5
[(12, 11, 10, 9, 8)]: 2
[(7, 7, 7, 7, 7, 7)]: 2
[(8, 8, 8, 8, 8, 7)]: 0
[(9, 9, 9, 9, 8, 7)]: 2
[(10, 10, 10, 9, 8, 7)]: 0
[(11, 11, 10, 9, 8, 7)]: 2
[(12, 11, 10, 9, 8, 7)]: 0
[(6, 6, 6, 6, 6, 6, 6)]: 2
[(7, 7, 7, 7, 7, 7, 6)]: 1
[(8, 8, 8, 8, 8, 7, 6)]: 2
[(9, 9, 9, 9, 8, 7, 6)]: 5
[(10, 10, 10, 9, 8, 7, 6)]: 2
[(11, 11, 10, 9, 8, 7, 6)]: 5
[(12, 11, 10, 9, 8, 7, 6)]: 2
[(5, 5, 5, 5, 5, 5, 5, 5)]: 2
[(6, 6, 6, 6, 6, 6, 6, 5)]: 0
[(7, 7, 7, 7, 7, 7, 6, 5)]: 2
[(8, 8, 8, 8, 8, 7, 6, 5)]: 0
[(9, 9, 9, 9, 8, 7, 6, 5)]: 2
[(10, 10, 10, 9, 8, 7, 6, 5)]: 0
[(11, 11, 10, 9, 8, 7, 6, 5)]: 2
[(12, 11, 10, 9, 8, 7, 6, 5)]: 0
[(4, 4, 4, 4, 4, 4, 4, 4, 4)]: 2
[(5, 5, 5, 5, 5, 5, 5, 5, 4)]: 5
[(6, 6, 6, 6, 6, 6, 6, 5, 4)]: 2
[(7, 7, 7, 7, 7, 7, 6, 5, 4)]: 5
[(8, 8, 8, 8, 8, 7, 6, 5, 4)]: 2
[(9, 9, 9, 9, 8, 7, 6, 5, 4)]: 0
[(10, 10, 10, 9, 8, 7, 6, 5, 4)]: 2
[(11, 11, 10, 9, 8, 7, 6, 5, 4)]: 0
[(12, 11, 10, 9, 8, 7, 6, 5, 4)]: 2
[(3, 3, 3, 3, 3, 3, 3, 3, 3, 3)]: 2
[(4, 4, 4, 4, 4, 4, 4, 4, 4, 3)]: 0
[(5, 5, 5, 5, 5, 5, 5, 5, 4, 3)]: 2
[(6, 6, 6, 6, 6, 6, 6, 5, 4, 3)]: 0
[(7, 7, 7, 7, 7, 7, 6, 5, 4, 3)]: 2
[(8, 8, 8, 8, 8, 7, 6, 5, 4, 3)]: 0
[(9, 9, 9, 9, 8, 7, 6, 5, 4, 3)]: 2
[(10, 10, 10, 9, 8, 7, 6, 5, 4, 3)]: 0
[(11, 11, 10, 9, 8, 7, 6, 5, 4, 3)]: 2
[(12, 11, 10, 9, 8, 7, 6, 5, 4, 3)]: 0
[(2, 2, 2, 2, 2, 2, 2, 2, 2, 2, 2)]: 2
[(3, 3, 3, 3, 3, 3, 3, 3, 3, 3, 2)]: 5
[(4, 4, 4, 4, 4, 4, 4, 4, 4, 3, 2)]: 2
[(5, 5, 5, 5, 5, 5, 5, 5, 4, 3, 2)]: 5
[(6, 6, 6, 6, 6, 6, 6, 5, 4, 3, 2)]: 2
[(7, 7, 7, 7, 7, 7, 6, 5, 4, 3, 2)]: 5
[(8, 8, 8, 8, 8, 7, 6, 5, 4, 3, 2)]: 2
[(9, 9, 9, 9, 8, 7, 6, 5, 4, 3, 2)]: 0
[(10, 10, 10, 9, 8, 7, 6, 5, 4, 3, 2)]: 2
[(11, 11, 10, 9, 8, 7, 6, 5, 4, 3, 2)]: 0
[(12, 11, 10, 9, 8, 7, 6, 5, 4, 3, 2)]: 2
[(1, 1, 1, 1, 1, 1, 1, 1, 1, 1, 1, 1)]: 2
[(2, 2, 2, 2, 2, 2, 2, 2, 2, 2, 2, 1)]: 0
[(3, 3, 3, 3, 3, 3, 3, 3, 3, 3, 2, 1)]: 2
[(4, 4, 4, 4, 4, 4, 4, 4, 4, 3, 2, 1)]: 0
[(5, 5, 5, 5, 5, 5, 5, 5, 4, 3, 2, 1)]: 2
[(6, 6, 6, 6, 6, 6, 6, 5, 4, 3, 2, 1)]: 0
[(7, 7, 7, 7, 7, 7, 6, 5, 4, 3, 2, 1)]: 2
[(8, 8, 8, 8, 8, 7, 6, 5, 4, 3, 2, 1)]: 0
[(9, 9, 9, 9, 8, 7, 6, 5, 4, 3, 2, 1)]: 2
[(10, 10, 10, 9, 8, 7, 6, 5, 4, 3, 2, 1)]: 0
[(11, 11, 10, 9, 8, 7, 6, 5, 4, 3, 2, 1)]: 2
[(12, 11, 10, 9, 8, 7, 6, 5, 4, 3, 2, 1)]: 0
[(13,)]: 1
[(12, 12)]: 0
[(13, 12)]: 4
[(11, 11, 11)]: 1
[(12, 12, 11)]: 4
[(13, 12, 11)]: 1
[(10, 10, 10, 10)]: 0
[(11, 11, 11, 10)]: 2
[(12, 12, 11, 10)]: 0
[(13, 12, 11, 10)]: 4
[(9, 9, 9, 9, 9)]: 1
[(10, 10, 10, 10, 9)]: 4
[(11, 11, 11, 10, 9)]: 1
[(12, 12, 11, 10, 9)]: 4
[(13, 12, 11, 10, 9)]: 1
[(8, 8, 8, 8, 8, 8)]: 0
[(9, 9, 9, 9, 9, 8)]: 2
[(10, 10, 10, 10, 9, 8)]: 0
[(11, 11, 11, 10, 9, 8)]: 2
[(12, 12, 11, 10, 9, 8)]: 1
[(13, 12, 11, 10, 9, 8)]: 4
[(7, 7, 7, 7, 7, 7, 7)]: 1
[(8, 8, 8, 8, 8, 8, 7)]: 2
[(9, 9, 9, 9, 9, 8, 7)]: 1
[(10, 10, 10, 10, 9, 8, 7)]: 4
[(11, 11, 11, 10, 9, 8, 7)]: 1
[(12, 12, 11, 10, 9, 8, 7)]: 4
[(13, 12, 11, 10, 9, 8, 7)]: 1
[(6, 6, 6, 6, 6, 6, 6, 6)]: 0
[(7, 7, 7, 7, 7, 7, 7, 6)]: 2
[(8, 8, 8, 8, 8, 8, 7, 6)]: 0
[(9, 9, 9, 9, 9, 8, 7, 6)]: 2
[(10, 10, 10, 10, 9, 8, 7, 6)]: 1
[(11, 11, 11, 10, 9, 8, 7, 6)]: 2
[(12, 12, 11, 10, 9, 8, 7, 6)]: 1
[(13, 12, 11, 10, 9, 8, 7, 6)]: 4
[(5, 5, 5, 5, 5, 5, 5, 5, 5)]: 1
[(6, 6, 6, 6, 6, 6, 6, 6, 5)]: 2
[(7, 7, 7, 7, 7, 7, 7, 6, 5)]: 1
[(8, 8, 8, 8, 8, 8, 7, 6, 5)]: 2
[(9, 9, 9, 9, 9, 8, 7, 6, 5)]: 1
[(10, 10, 10, 10, 9, 8, 7, 6, 5)]: 4
[(11, 11, 11, 10, 9, 8, 7, 6, 5)]: 1
[(12, 12, 11, 10, 9, 8, 7, 6, 5)]: 4
[(13, 12, 11, 10, 9, 8, 7, 6, 5)]: 1
[(4, 4, 4, 4, 4, 4, 4, 4, 4, 4)]: 0
[(5, 5, 5, 5, 5, 5, 5, 5, 5, 4)]: 4
[(6, 6, 6, 6, 6, 6, 6, 6, 5, 4)]: 0
[(7, 7, 7, 7, 7, 7, 7, 6, 5, 4)]: 4
[(8, 8, 8, 8, 8, 8, 7, 6, 5, 4)]: 1
[(9, 9, 9, 9, 9, 8, 7, 6, 5, 4)]: 4
[(10, 10, 10, 10, 9, 8, 7, 6, 5, 4)]: 1
[(11, 11, 11, 10, 9, 8, 7, 6, 5, 4)]: 2
[(12, 12, 11, 10, 9, 8, 7, 6, 5, 4)]: 1
[(13, 12, 11, 10, 9, 8, 7, 6, 5, 4)]: 4
[(3, 3, 3, 3, 3, 3, 3, 3, 3, 3, 3)]: 1
[(4, 4, 4, 4, 4, 4, 4, 4, 4, 4, 3)]: 2
[(5, 5, 5, 5, 5, 5, 5, 5, 5, 4, 3)]: 1
[(6, 6, 6, 6, 6, 6, 6, 6, 5, 4, 3)]: 2
[(7, 7, 7, 7, 7, 7, 7, 6, 5, 4, 3)]: 1
[(8, 8, 8, 8, 8, 8, 7, 6, 5, 4, 3)]: 2
[(9, 9, 9, 9, 9, 8, 7, 6, 5, 4, 3)]: 1
[(10, 10, 10, 10, 9, 8, 7, 6, 5, 4, 3)]: 2
[(11, 11, 11, 10, 9, 8, 7, 6, 5, 4, 3)]: 1
[(12, 12, 11, 10, 9, 8, 7, 6, 5, 4, 3)]: 2
[(13, 12, 11, 10, 9, 8, 7, 6, 5, 4, 3)]: 1
[(2, 2, 2, 2, 2, 2, 2, 2, 2, 2, 2, 2)]: 0
[(3, 3, 3, 3, 3, 3, 3, 3, 3, 3, 3, 2)]: 4
[(4, 4, 4, 4, 4, 4, 4, 4, 4, 4, 3, 2)]: 0
[(5, 5, 5, 5, 5, 5, 5, 5, 5, 4, 3, 2)]: 4
[(6, 6, 6, 6, 6, 6, 6, 6, 5, 4, 3, 2)]: 1
[(7, 7, 7, 7, 7, 7, 7, 6, 5, 4, 3, 2)]: 4
[(8, 8, 8, 8, 8, 8, 7, 6, 5, 4, 3, 2)]: 1
[(9, 9, 9, 9, 9, 8, 7, 6, 5, 4, 3, 2)]: 4
[(10, 10, 10, 10, 9, 8, 7, 6, 5, 4, 3, 2)]: 1
[(11, 11, 11, 10, 9, 8, 7, 6, 5, 4, 3, 2)]: 2
[(12, 12, 11, 10, 9, 8, 7, 6, 5, 4, 3, 2)]: 1
[(13, 12, 11, 10, 9, 8, 7, 6, 5, 4, 3, 2)]: 4
[(1, 1, 1, 1, 1, 1, 1, 1, 1, 1, 1, 1, 1)]: 1
[(2, 2, 2, 2, 2, 2, 2, 2, 2, 2, 2, 2, 1)]: 4
[(3, 3, 3, 3, 3, 3, 3, 3, 3, 3, 3, 2, 1)]: 1
[(4, 4, 4, 4, 4, 4, 4, 4, 4, 4, 3, 2, 1)]: 4
[(5, 5, 5, 5, 5, 5, 5, 5, 5, 4, 3, 2, 1)]: 1
[(6, 6, 6, 6, 6, 6, 6, 6, 5, 4, 3, 2, 1)]: 4
[(7, 7, 7, 7, 7, 7, 7, 6, 5, 4, 3, 2, 1)]: 1
[(8, 8, 8, 8, 8, 8, 7, 6, 5, 4, 3, 2, 1)]: 4
[(9, 9, 9, 9, 9, 8, 7, 6, 5, 4, 3, 2, 1)]: 1
[(10, 10, 10, 10, 9, 8, 7, 6, 5, 4, 3, 2, 1)]: 4
[(11, 11, 11, 10, 9, 8, 7, 6, 5, 4, 3, 2, 1)]: 1
[(12, 12, 11, 10, 9, 8, 7, 6, 5, 4, 3, 2, 1)]: 4
[(13, 12, 11, 10, 9, 8, 7, 6, 5, 4, 3, 2, 1)]: 1
[(14,)]: 2
[(13, 13)]: 2
[(14, 13)]: 0
[(12, 12, 12)]: 2
[(13, 13, 12)]: 5
[(14, 13, 12)]: 2
[(11, 11, 11, 11)]: 2
[(12, 12, 12, 11)]: 0
[(13, 13, 12, 11)]: 2
[(14, 13, 12, 11)]: 0
[(10, 10, 10, 10, 10)]: 2
[(11, 11, 11, 11, 10)]: 5
[(12, 12, 12, 11, 10)]: 2
[(13, 13, 12, 11, 10)]: 5
[(14, 13, 12, 11, 10)]: 2
[(9, 9, 9, 9, 9, 9)]: 2
[(10, 10, 10, 10, 10, 9)]: 0
[(11, 11, 11, 11, 10, 9)]: 2
[(12, 12, 12, 11, 10, 9)]: 0
[(13, 13, 12, 11, 10, 9)]: 2
[(14, 13, 12, 11, 10, 9)]: 0
[(8, 8, 8, 8, 8, 8, 8)]: 2
[(9, 9, 9, 9, 9, 9, 8)]: 1
[(10, 10, 10, 10, 10, 9, 8)]: 2
[(11, 11, 11, 11, 10, 9, 8)]: 5
[(12, 12, 12, 11, 10, 9, 8)]: 2
[(13, 13, 12, 11, 10, 9, 8)]: 5
[(14, 13, 12, 11, 10, 9, 8)]: 2
[(7, 7, 7, 7, 7, 7, 7, 7)]: 2
[(8, 8, 8, 8, 8, 8, 8, 7)]: 0
[(9, 9, 9, 9, 9, 9, 8, 7)]: 2
[(10, 10, 10, 10, 10, 9, 8, 7)]: 0
[(11, 11, 11, 11, 10, 9, 8, 7)]: 2
[(12, 12, 12, 11, 10, 9, 8, 7)]: 0
[(13, 13, 12, 11, 10, 9, 8, 7)]: 2
[(14, 13, 12, 11, 10, 9, 8, 7)]: 0
[(6, 6, 6, 6, 6, 6, 6, 6, 6)]: 2
[(7, 7, 7, 7, 7, 7, 7, 7, 6)]: 1
[(8, 8, 8, 8, 8, 8, 8, 7, 6)]: 2
[(9, 9, 9, 9, 9, 9, 8, 7, 6)]: 1
[(10, 10, 10, 10, 10, 9, 8, 7, 6)]: 2
[(11, 11, 11, 11, 10, 9, 8, 7, 6)]: 5
[(12, 12, 12, 11, 10, 9, 8, 7, 6)]: 2
[(13, 13, 12, 11, 10, 9, 8, 7, 6)]: 5
[(14, 13, 12, 11, 10, 9, 8, 7, 6)]: 2
[(5, 5, 5, 5, 5, 5, 5, 5, 5, 5)]: 2
[(6, 6, 6, 6, 6, 6, 6, 6, 6, 5)]: 0
[(7, 7, 7, 7, 7, 7, 7, 7, 6, 5)]: 2
[(8, 8, 8, 8, 8, 8, 8, 7, 6, 5)]: 0
[(9, 9, 9, 9, 9, 9, 8, 7, 6, 5)]: 2
[(10, 10, 10, 10, 10, 9, 8, 7, 6, 5)]: 0
[(11, 11, 11, 11, 10, 9, 8, 7, 6, 5)]: 2
[(12, 12, 12, 11, 10, 9, 8, 7, 6, 5)]: 0
[(13, 13, 12, 11, 10, 9, 8, 7, 6, 5)]: 2
[(14, 13, 12, 11, 10, 9, 8, 7, 6, 5)]: 0
[(4, 4, 4, 4, 4, 4, 4, 4, 4, 4, 4)]: 2
[(5, 5, 5, 5, 5, 5, 5, 5, 5, 5, 4)]: 5
[(6, 6, 6, 6, 6, 6, 6, 6, 6, 5, 4)]: 2
[(7, 7, 7, 7, 7, 7, 7, 7, 6, 5, 4)]: 5
[(8, 8, 8, 8, 8, 8, 8, 7, 6, 5, 4)]: 2
[(9, 9, 9, 9, 9, 9, 8, 7, 6, 5, 4)]: 5
[(10, 10, 10, 10, 10, 9, 8, 7, 6, 5, 4)]: 2
[(11, 11, 11, 11, 10, 9, 8, 7, 6, 5, 4)]: 0
[(12, 12, 12, 11, 10, 9, 8, 7, 6, 5, 4)]: 2
[(13, 13, 12, 11, 10, 9, 8, 7, 6, 5, 4)]: 0
[(14, 13, 12, 11, 10, 9, 8, 7, 6, 5, 4)]: 2
[(3, 3, 3, 3, 3, 3, 3, 3, 3, 3, 3, 3)]: 2
[(4, 4, 4, 4, 4, 4, 4, 4, 4, 4, 4, 3)]: 0
[(5, 5, 5, 5, 5, 5, 5, 5, 5, 5, 4, 3)]: 2
[(6, 6, 6, 6, 6, 6, 6, 6, 6, 5, 4, 3)]: 0
[(7, 7, 7, 7, 7, 7, 7, 7, 6, 5, 4, 3)]: 2
[(8, 8, 8, 8, 8, 8, 8, 7, 6, 5, 4, 3)]: 0
[(9, 9, 9, 9, 9, 9, 8, 7, 6, 5, 4, 3)]: 2
[(10, 10, 10, 10, 10, 9, 8, 7, 6, 5, 4, 3)]: 0
[(11, 11, 11, 11, 10, 9, 8, 7, 6, 5, 4, 3)]: 2
[(12, 12, 12, 11, 10, 9, 8, 7, 6, 5, 4, 3)]: 0
[(13, 13, 12, 11, 10, 9, 8, 7, 6, 5, 4, 3)]: 2
[(14, 13, 12, 11, 10, 9, 8, 7, 6, 5, 4, 3)]: 0
[(2, 2, 2, 2, 2, 2, 2, 2, 2, 2, 2, 2, 2)]: 2
[(3, 3, 3, 3, 3, 3, 3, 3, 3, 3, 3, 3, 2)]: 5
[(4, 4, 4, 4, 4, 4, 4, 4, 4, 4, 4, 3, 2)]: 2
[(5, 5, 5, 5, 5, 5, 5, 5, 5, 5, 4, 3, 2)]: 5
[(6, 6, 6, 6, 6, 6, 6, 6, 6, 5, 4, 3, 2)]: 2
[(7, 7, 7, 7, 7, 7, 7, 7, 6, 5, 4, 3, 2)]: 5
[(8, 8, 8, 8, 8, 8, 8, 7, 6, 5, 4, 3, 2)]: 2
[(9, 9, 9, 9, 9, 9, 8, 7, 6, 5, 4, 3, 2)]: 5
[(10, 10, 10, 10, 10, 9, 8, 7, 6, 5, 4, 3, 2)]: 2
[(11, 11, 11, 11, 10, 9, 8, 7, 6, 5, 4, 3, 2)]: 0
[(12, 12, 12, 11, 10, 9, 8, 7, 6, 5, 4, 3, 2)]: 2
[(13, 13, 12, 11, 10, 9, 8, 7, 6, 5, 4, 3, 2)]: 0
[(14, 13, 12, 11, 10, 9, 8, 7, 6, 5, 4, 3, 2)]: 2
[(1, 1, 1, 1, 1, 1, 1, 1, 1, 1, 1, 1, 1, 1)]: 2
[(2, 2, 2, 2, 2, 2, 2, 2, 2, 2, 2, 2, 2, 1)]: 0
[(3, 3, 3, 3, 3, 3, 3, 3, 3, 3, 3, 3, 2, 1)]: 2
[(4, 4, 4, 4, 4, 4, 4, 4, 4, 4, 4, 3, 2, 1)]: 0
[(5, 5, 5, 5, 5, 5, 5, 5, 5, 5, 4, 3, 2, 1)]: 2
[(6, 6, 6, 6, 6, 6, 6, 6, 6, 5, 4, 3, 2, 1)]: 0
[(7, 7, 7, 7, 7, 7, 7, 7, 6, 5, 4, 3, 2, 1)]: 2
[(8, 8, 8, 8, 8, 8, 8, 7, 6, 5, 4, 3, 2, 1)]: 0
[(9, 9, 9, 9, 9, 9, 8, 7, 6, 5, 4, 3, 2, 1)]: 2
[(10, 10, 10, 10, 10, 9, 8, 7, 6, 5, 4, 3, 2, 1)]: 0
[(11, 11, 11, 11, 10, 9, 8, 7, 6, 5, 4, 3, 2, 1)]: 2
[(12, 12, 12, 11, 10, 9, 8, 7, 6, 5, 4, 3, 2, 1)]: 0
[(13, 13, 12, 11, 10, 9, 8, 7, 6, 5, 4, 3, 2, 1)]: 2
[(14, 13, 12, 11, 10, 9, 8, 7, 6, 5, 4, 3, 2, 1)]: 0
[(15,)]: 1
[(14, 14)]: 0
[(15, 14)]: 4
[(13, 13, 13)]: 1
[(14, 14, 13)]: 4
[(15, 14, 13)]: 1
[(12, 12, 12, 12)]: 0
[(13, 13, 13, 12)]: 2
[(14, 14, 13, 12)]: 0
[(15, 14, 13, 12)]: 4
[(11, 11, 11, 11, 11)]: 1
[(12, 12, 12, 12, 11)]: 4
[(13, 13, 13, 12, 11)]: 1
[(14, 14, 13, 12, 11)]: 4
[(15, 14, 13, 12, 11)]: 1
[(10, 10, 10, 10, 10, 10)]: 0
[(11, 11, 11, 11, 11, 10)]: 2
[(12, 12, 12, 12, 11, 10)]: 0
[(13, 13, 13, 12, 11, 10)]: 2
[(14, 14, 13, 12, 11, 10)]: 1
[(15, 14, 13, 12, 11, 10)]: 4
[(9, 9, 9, 9, 9, 9, 9)]: 1
[(10, 10, 10, 10, 10, 10, 9)]: 2
[(11, 11, 11, 11, 11, 10, 9)]: 1
[(12, 12, 12, 12, 11, 10, 9)]: 4
[(13, 13, 13, 12, 11, 10, 9)]: 1
[(14, 14, 13, 12, 11, 10, 9)]: 4
[(15, 14, 13, 12, 11, 10, 9)]: 1
[(8, 8, 8, 8, 8, 8, 8, 8)]: 0
[(9, 9, 9, 9, 9, 9, 9, 8)]: 2
[(10, 10, 10, 10, 10, 10, 9, 8)]: 0
[(11, 11, 11, 11, 11, 10, 9, 8)]: 2
[(12, 12, 12, 12, 11, 10, 9, 8)]: 1
[(13, 13, 13, 12, 11, 10, 9, 8)]: 2
[(14, 14, 13, 12, 11, 10, 9, 8)]: 1
[(15, 14, 13, 12, 11, 10, 9, 8)]: 4
[(7, 7, 7, 7, 7, 7, 7, 7, 7)]: 1
[(8, 8, 8, 8, 8, 8, 8, 8, 7)]: 2
[(9, 9, 9, 9, 9, 9, 9, 8, 7)]: 1
[(10, 10, 10, 10, 10, 10, 9, 8, 7)]: 2
[(11, 11, 11, 11, 11, 10, 9, 8, 7)]: 1
[(12, 12, 12, 12, 11, 10, 9, 8, 7)]: 4
[(13, 13, 13, 12, 11, 10, 9, 8, 7)]: 1
[(14, 14, 13, 12, 11, 10, 9, 8, 7)]: 4
[(15, 14, 13, 12, 11, 10, 9, 8, 7)]: 1
[(6, 6, 6, 6, 6, 6, 6, 6, 6, 6)]: 0
[(7, 7, 7, 7, 7, 7, 7, 7, 7, 6)]: 2
[(8, 8, 8, 8, 8, 8, 8, 8, 7, 6)]: 0
[(9, 9, 9, 9, 9, 9, 9, 8, 7, 6)]: 2
[(10, 10, 10, 10, 10, 10, 9, 8, 7, 6)]: 0
[(11, 11, 11, 11, 11, 10, 9, 8, 7, 6)]: 2
[(12, 12, 12, 12, 11, 10, 9, 8, 7, 6)]: 1
[(13, 13, 13, 12, 11, 10, 9, 8, 7, 6)]: 2
[(14, 14, 13, 12, 11, 10, 9, 8, 7, 6)]: 1
[(15, 14, 13, 12, 11, 10, 9, 8, 7, 6)]: 4
[(5, 5, 5, 5, 5, 5, 5, 5, 5, 5, 5)]: 1
[(6, 6, 6, 6, 6, 6, 6, 6, 6, 6, 5)]: 2
[(7, 7, 7, 7, 7, 7, 7, 7, 7, 6, 5)]: 1
[(8, 8, 8, 8, 8, 8, 8, 8, 7, 6, 5)]: 2
[(9, 9, 9, 9, 9, 9, 9, 8, 7, 6, 5)]: 1
[(10, 10, 10, 10, 10, 10, 9, 8, 7, 6, 5)]: 2
[(11, 11, 11, 11, 11, 10, 9, 8, 7, 6, 5)]: 1
[(12, 12, 12, 12, 11, 10, 9, 8, 7, 6, 5)]: 4
[(13, 13, 13, 12, 11, 10, 9, 8, 7, 6, 5)]: 1
[(14, 14, 13, 12, 11, 10, 9, 8, 7, 6, 5)]: 4
[(15, 14, 13, 12, 11, 10, 9, 8, 7, 6, 5)]: 1
[(4, 4, 4, 4, 4, 4, 4, 4, 4, 4, 4, 4)]: 0
[(5, 5, 5, 5, 5, 5, 5, 5, 5, 5, 5, 4)]: 4
[(6, 6, 6, 6, 6, 6, 6, 6, 6, 6, 5, 4)]: 0
[(7, 7, 7, 7, 7, 7, 7, 7, 7, 6, 5, 4)]: 4
[(8, 8, 8, 8, 8, 8, 8, 8, 7, 6, 5, 4)]: 1
[(9, 9, 9, 9, 9, 9, 9, 8, 7, 6, 5, 4)]: 4
[(10, 10, 10, 10, 10, 10, 9, 8, 7, 6, 5, 4)]: 1
[(11, 11, 11, 11, 11, 10, 9, 8, 7, 6, 5, 4)]: 4
[(12, 12, 12, 12, 11, 10, 9, 8, 7, 6, 5, 4)]: 1
[(13, 13, 13, 12, 11, 10, 9, 8, 7, 6, 5, 4)]: 2
[(14, 14, 13, 12, 11, 10, 9, 8, 7, 6, 5, 4)]: 1
[(15, 14, 13, 12, 11, 10, 9, 8, 7, 6, 5, 4)]: 4
[(3, 3, 3, 3, 3, 3, 3, 3, 3, 3, 3, 3, 3)]: 1
[(4, 4, 4, 4, 4, 4, 4, 4, 4, 4, 4, 4, 3)]: 2
[(5, 5, 5, 5, 5, 5, 5, 5, 5, 5, 5, 4, 3)]: 1
[(6, 6, 6, 6, 6, 6, 6, 6, 6, 6, 5, 4, 3)]: 2
[(7, 7, 7, 7, 7, 7, 7, 7, 7, 6, 5, 4, 3)]: 1
[(8, 8, 8, 8, 8, 8, 8, 8, 7, 6, 5, 4, 3)]: 2
[(9, 9, 9, 9, 9, 9, 9, 8, 7, 6, 5, 4, 3)]: 1
[(10, 10, 10, 10, 10, 10, 9, 8, 7, 6, 5, 4, 3)]: 2
[(11, 11, 11, 11, 11, 10, 9, 8, 7, 6, 5, 4, 3)]: 1
[(12, 12, 12, 12, 11, 10, 9, 8, 7, 6, 5, 4, 3)]: 2
[(13, 13, 13, 12, 11, 10, 9, 8, 7, 6, 5, 4, 3)]: 1
[(14, 14, 13, 12, 11, 10, 9, 8, 7, 6, 5, 4, 3)]: 2
[(15, 14, 13, 12, 11, 10, 9, 8, 7, 6, 5, 4, 3)]: 1
[(2, 2, 2, 2, 2, 2, 2, 2, 2, 2, 2, 2, 2, 2)]: 0
[(3, 3, 3, 3, 3, 3, 3, 3, 3, 3, 3, 3, 3, 2)]: 4
[(4, 4, 4, 4, 4, 4, 4, 4, 4, 4, 4, 4, 3, 2)]: 0
[(5, 5, 5, 5, 5, 5, 5, 5, 5, 5, 5, 4, 3, 2)]: 4
[(6, 6, 6, 6, 6, 6, 6, 6, 6, 6, 5, 4, 3, 2)]: 1
[(7, 7, 7, 7, 7, 7, 7, 7, 7, 6, 5, 4, 3, 2)]: 4
[(8, 8, 8, 8, 8, 8, 8, 8, 7, 6, 5, 4, 3, 2)]: 1
[(9, 9, 9, 9, 9, 9, 9, 8, 7, 6, 5, 4, 3, 2)]: 4
[(10, 10, 10, 10, 10, 10, 9, 8, 7, 6, 5, 4, 3, 2)]: 1
[(11, 11, 11, 11, 11, 10, 9, 8, 7, 6, 5, 4, 3, 2)]: 4
[(12, 12, 12, 12, 11, 10, 9, 8, 7, 6, 5, 4, 3, 2)]: 1
[(13, 13, 13, 12, 11, 10, 9, 8, 7, 6, 5, 4, 3, 2)]: 2
[(14, 14, 13, 12, 11, 10, 9, 8, 7, 6, 5, 4, 3, 2)]: 1
[(15, 14, 13, 12, 11, 10, 9, 8, 7, 6, 5, 4, 3, 2)]: 4
[(1, 1, 1, 1, 1, 1, 1, 1, 1, 1, 1, 1, 1, 1, 1)]: 1
[(2, 2, 2, 2, 2, 2, 2, 2, 2, 2, 2, 2, 2, 2, 1)]: 4
[(3, 3, 3, 3, 3, 3, 3, 3, 3, 3, 3, 3, 3, 2, 1)]: 1
[(4, 4, 4, 4, 4, 4, 4, 4, 4, 4, 4, 4, 3, 2, 1)]: 4
[(5, 5, 5, 5, 5, 5, 5, 5, 5, 5, 5, 4, 3, 2, 1)]: 1
[(6, 6, 6, 6, 6, 6, 6, 6, 6, 6, 5, 4, 3, 2, 1)]: 4
[(7, 7, 7, 7, 7, 7, 7, 7, 7, 6, 5, 4, 3, 2, 1)]: 1
[(8, 8, 8, 8, 8, 8, 8, 8, 7, 6, 5, 4, 3, 2, 1)]: 4
[(9, 9, 9, 9, 9, 9, 9, 8, 7, 6, 5, 4, 3, 2, 1)]: 1
[(10, 10, 10, 10, 10, 10, 9, 8, 7, 6, 5, 4, 3, 2, 1)]: 4
[(11, 11, 11, 11, 11, 10, 9, 8, 7, 6, 5, 4, 3, 2, 1)]: 1
[(12, 12, 12, 12, 11, 10, 9, 8, 7, 6, 5, 4, 3, 2, 1)]: 4
[(13, 13, 13, 12, 11, 10, 9, 8, 7, 6, 5, 4, 3, 2, 1)]: 1
[(14, 14, 13, 12, 11, 10, 9, 8, 7, 6, 5, 4, 3, 2, 1)]: 4
[(15, 14, 13, 12, 11, 10, 9, 8, 7, 6, 5, 4, 3, 2, 1)]: 1
[(16,)]: 2
[(15, 15)]: 2
[(16, 15)]: 0
[(14, 14, 14)]: 2
[(15, 15, 14)]: 5
[(16, 15, 14)]: 2
[(13, 13, 13, 13)]: 2
[(14, 14, 14, 13)]: 0
[(15, 15, 14, 13)]: 2
[(16, 15, 14, 13)]: 0
[(12, 12, 12, 12, 12)]: 2
[(13, 13, 13, 13, 12)]: 5
[(14, 14, 14, 13, 12)]: 2
[(15, 15, 14, 13, 12)]: 5
[(16, 15, 14, 13, 12)]: 2
[(11, 11, 11, 11, 11, 11)]: 2
[(12, 12, 12, 12, 12, 11)]: 0
[(13, 13, 13, 13, 12, 11)]: 2
[(14, 14, 14, 13, 12, 11)]: 0
[(15, 15, 14, 13, 12, 11)]: 2
[(16, 15, 14, 13, 12, 11)]: 0
[(10, 10, 10, 10, 10, 10, 10)]: 2
[(11, 11, 11, 11, 11, 11, 10)]: 1
[(12, 12, 12, 12, 12, 11, 10)]: 2
[(13, 13, 13, 13, 12, 11, 10)]: 5
[(14, 14, 14, 13, 12, 11, 10)]: 2
[(15, 15, 14, 13, 12, 11, 10)]: 5
[(16, 15, 14, 13, 12, 11, 10)]: 2
[(9, 9, 9, 9, 9, 9, 9, 9)]: 2
[(10, 10, 10, 10, 10, 10, 10, 9)]: 0
[(11, 11, 11, 11, 11, 11, 10, 9)]: 2
[(12, 12, 12, 12, 12, 11, 10, 9)]: 0
[(13, 13, 13, 13, 12, 11, 10, 9)]: 2
[(14, 14, 14, 13, 12, 11, 10, 9)]: 0
[(15, 15, 14, 13, 12, 11, 10, 9)]: 2
[(16, 15, 14, 13, 12, 11, 10, 9)]: 0
[(8, 8, 8, 8, 8, 8, 8, 8, 8)]: 2
[(9, 9, 9, 9, 9, 9, 9, 9, 8)]: 1
[(10, 10, 10, 10, 10, 10, 10, 9, 8)]: 2
[(11, 11, 11, 11, 11, 11, 10, 9, 8)]: 1
[(12, 12, 12, 12, 12, 11, 10, 9, 8)]: 2
[(13, 13, 13, 13, 12, 11, 10, 9, 8)]: 5
[(14, 14, 14, 13, 12, 11, 10, 9, 8)]: 2
[(15, 15, 14, 13, 12, 11, 10, 9, 8)]: 5
[(16, 15, 14, 13, 12, 11, 10, 9, 8)]: 2
[(7, 7, 7, 7, 7, 7, 7, 7, 7, 7)]: 2
[(8, 8, 8, 8, 8, 8, 8, 8, 8, 7)]: 0
[(9, 9, 9, 9, 9, 9, 9, 9, 8, 7)]: 2
[(10, 10, 10, 10, 10, 10, 10, 9, 8, 7)]: 0
[(11, 11, 11, 11, 11, 11, 10, 9, 8, 7)]: 2
[(12, 12, 12, 12, 12, 11, 10, 9, 8, 7)]: 0
[(13, 13, 13, 13, 12, 11, 10, 9, 8, 7)]: 2
[(14, 14, 14, 13, 12, 11, 10, 9, 8, 7)]: 0
[(15, 15, 14, 13, 12, 11, 10, 9, 8, 7)]: 2
[(16, 15, 14, 13, 12, 11, 10, 9, 8, 7)]: 0
[(6, 6, 6, 6, 6, 6, 6, 6, 6, 6, 6)]: 2
[(7, 7, 7, 7, 7, 7, 7, 7, 7, 7, 6)]: 1
[(8, 8, 8, 8, 8, 8, 8, 8, 8, 7, 6)]: 2
[(9, 9, 9, 9, 9, 9, 9, 9, 8, 7, 6)]: 1
[(10, 10, 10, 10, 10, 10, 10, 9, 8, 7, 6)]: 2
[(11, 11, 11, 11, 11, 11, 10, 9, 8, 7, 6)]: 1
[(12, 12, 12, 12, 12, 11, 10, 9, 8, 7, 6)]: 2
[(13, 13, 13, 13, 12, 11, 10, 9, 8, 7, 6)]: 5
[(14, 14, 14, 13, 12, 11, 10, 9, 8, 7, 6)]: 2
[(15, 15, 14, 13, 12, 11, 10, 9, 8, 7, 6)]: 5
[(16, 15, 14, 13, 12, 11, 10, 9, 8, 7, 6)]: 2
[(5, 5, 5, 5, 5, 5, 5, 5, 5, 5, 5, 5)]: 2
[(6, 6, 6, 6, 6, 6, 6, 6, 6, 6, 6, 5)]: 0
[(7, 7, 7, 7, 7, 7, 7, 7, 7, 7, 6, 5)]: 2
[(8, 8, 8, 8, 8, 8, 8, 8, 8, 7, 6, 5)]: 0
[(9, 9, 9, 9, 9, 9, 9, 9, 8, 7, 6, 5)]: 2
[(10, 10, 10, 10, 10, 10, 10, 9, 8, 7, 6, 5)]: 0
[(11, 11, 11, 11, 11, 11, 10, 9, 8, 7, 6, 5)]: 2
[(12, 12, 12, 12, 12, 11, 10, 9, 8, 7, 6, 5)]: 0
[(13, 13, 13, 13, 12, 11, 10, 9, 8, 7, 6, 5)]: 2
[(14, 14, 14, 13, 12, 11, 10, 9, 8, 7, 6, 5)]: 0
[(15, 15, 14, 13, 12, 11, 10, 9, 8, 7, 6, 5)]: 2
[(16, 15, 14, 13, 12, 11, 10, 9, 8, 7, 6, 5)]: 0
[(4, 4, 4, 4, 4, 4, 4, 4, 4, 4, 4, 4, 4)]: 2
[(5, 5, 5, 5, 5, 5, 5, 5, 5, 5, 5, 5, 4)]: 5
[(6, 6, 6, 6, 6, 6, 6, 6, 6, 6, 6, 5, 4)]: 2
[(7, 7, 7, 7, 7, 7, 7, 7, 7, 7, 6, 5, 4)]: 5
[(8, 8, 8, 8, 8, 8, 8, 8, 8, 7, 6, 5, 4)]: 2
[(9, 9, 9, 9, 9, 9, 9, 9, 8, 7, 6, 5, 4)]: 5
[(10, 10, 10, 10, 10, 10, 10, 9, 8, 7, 6, 5, 4)]: 2
[(11, 11, 11, 11, 11, 11, 10, 9, 8, 7, 6, 5, 4)]: 5
[(12, 12, 12, 12, 12, 11, 10, 9, 8, 7, 6, 5, 4)]: 2
[(13, 13, 13, 13, 12, 11, 10, 9, 8, 7, 6, 5, 4)]: 0
[(14, 14, 14, 13, 12, 11, 10, 9, 8, 7, 6, 5, 4)]: 2
[(15, 15, 14, 13, 12, 11, 10, 9, 8, 7, 6, 5, 4)]: 0
[(16, 15, 14, 13, 12, 11, 10, 9, 8, 7, 6, 5, 4)]: 2
[(3, 3, 3, 3, 3, 3, 3, 3, 3, 3, 3, 3, 3, 3)]: 2
[(4, 4, 4, 4, 4, 4, 4, 4, 4, 4, 4, 4, 4, 3)]: 0
[(5, 5, 5, 5, 5, 5, 5, 5, 5, 5, 5, 5, 4, 3)]: 2
[(6, 6, 6, 6, 6, 6, 6, 6, 6, 6, 6, 5, 4, 3)]: 0
[(7, 7, 7, 7, 7, 7, 7, 7, 7, 7, 6, 5, 4, 3)]: 2
[(8, 8, 8, 8, 8, 8, 8, 8, 8, 7, 6, 5, 4, 3)]: 0
[(9, 9, 9, 9, 9, 9, 9, 9, 8, 7, 6, 5, 4, 3)]: 2
[(10, 10, 10, 10, 10, 10, 10, 9, 8, 7, 6, 5, 4, 3)]: 0
[(11, 11, 11, 11, 11, 11, 10, 9, 8, 7, 6, 5, 4, 3)]: 2
[(12, 12, 12, 12, 12, 11, 10, 9, 8, 7, 6, 5, 4, 3)]: 0
[(13, 13, 13, 13, 12, 11, 10, 9, 8, 7, 6, 5, 4, 3)]: 2
[(14, 14, 14, 13, 12, 11, 10, 9, 8, 7, 6, 5, 4, 3)]: 0
[(15, 15, 14, 13, 12, 11, 10, 9, 8, 7, 6, 5, 4, 3)]: 2
[(16, 15, 14, 13, 12, 11, 10, 9, 8, 7, 6, 5, 4, 3)]: 0
[(2, 2, 2, 2, 2, 2, 2, 2, 2, 2, 2, 2, 2, 2, 2)]: 2
[(3, 3, 3, 3, 3, 3, 3, 3, 3, 3, 3, 3, 3, 3, 2)]: 5
[(4, 4, 4, 4, 4, 4, 4, 4, 4, 4, 4, 4, 4, 3, 2)]: 2
[(5, 5, 5, 5, 5, 5, 5, 5, 5, 5, 5, 5, 4, 3, 2)]: 5
[(6, 6, 6, 6, 6, 6, 6, 6, 6, 6, 6, 5, 4, 3, 2)]: 2
[(7, 7, 7, 7, 7, 7, 7, 7, 7, 7, 6, 5, 4, 3, 2)]: 5
[(8, 8, 8, 8, 8, 8, 8, 8, 8, 7, 6, 5, 4, 3, 2)]: 2
[(9, 9, 9, 9, 9, 9, 9, 9, 8, 7, 6, 5, 4, 3, 2)]: 5
[(10, 10, 10, 10, 10, 10, 10, 9, 8, 7, 6, 5, 4, 3, 2)]: 2
[(11, 11, 11, 11, 11, 11, 10, 9, 8, 7, 6, 5, 4, 3, 2)]: 5
[(12, 12, 12, 12, 12, 11, 10, 9, 8, 7, 6, 5, 4, 3, 2)]: 2
[(13, 13, 13, 13, 12, 11, 10, 9, 8, 7, 6, 5, 4, 3, 2)]: 0
[(14, 14, 14, 13, 12, 11, 10, 9, 8, 7, 6, 5, 4, 3, 2)]: 2
[(15, 15, 14, 13, 12, 11, 10, 9, 8, 7, 6, 5, 4, 3, 2)]: 0
[(16, 15, 14, 13, 12, 11, 10, 9, 8, 7, 6, 5, 4, 3, 2)]: 2
[(1, 1, 1, 1, 1, 1, 1, 1, 1, 1, 1, 1, 1, 1, 1, 1)]: 2
[(2, 2, 2, 2, 2, 2, 2, 2, 2, 2, 2, 2, 2, 2, 2, 1)]: 0
[(3, 3, 3, 3, 3, 3, 3, 3, 3, 3, 3, 3, 3, 3, 2, 1)]: 2
[(4, 4, 4, 4, 4, 4, 4, 4, 4, 4, 4, 4, 4, 3, 2, 1)]: 0
[(5, 5, 5, 5, 5, 5, 5, 5, 5, 5, 5, 5, 4, 3, 2, 1)]: 2
[(6, 6, 6, 6, 6, 6, 6, 6, 6, 6, 6, 5, 4, 3, 2, 1)]: 0
[(7, 7, 7, 7, 7, 7, 7, 7, 7, 7, 6, 5, 4, 3, 2, 1)]: 2
[(8, 8, 8, 8, 8, 8, 8, 8, 8, 7, 6, 5, 4, 3, 2, 1)]: 0
[(9, 9, 9, 9, 9, 9, 9, 9, 8, 7, 6, 5, 4, 3, 2, 1)]: 2
[(10, 10, 10, 10, 10, 10, 10, 9, 8, 7, 6, 5, 4, 3, 2, 1)]: 0
[(11, 11, 11, 11, 11, 11, 10, 9, 8, 7, 6, 5, 4, 3, 2, 1)]: 2
[(12, 12, 12, 12, 12, 11, 10, 9, 8, 7, 6, 5, 4, 3, 2, 1)]: 0
[(13, 13, 13, 13, 12, 11, 10, 9, 8, 7, 6, 5, 4, 3, 2, 1)]: 2
[(14, 14, 14, 13, 12, 11, 10, 9, 8, 7, 6, 5, 4, 3, 2, 1)]: 0
[(15, 15, 14, 13, 12, 11, 10, 9, 8, 7, 6, 5, 4, 3, 2, 1)]: 2
[(16, 15, 14, 13, 12, 11, 10, 9, 8, 7, 6, 5, 4, 3, 2, 1)]: 0
[(17,)]: 1
[(16, 16)]: 0
[(17, 16)]: 4
[(15, 15, 15)]: 1
[(16, 16, 15)]: 4
[(17, 16, 15)]: 1
[(14, 14, 14, 14)]: 0
[(15, 15, 15, 14)]: 2
[(16, 16, 15, 14)]: 0
[(17, 16, 15, 14)]: 4
[(13, 13, 13, 13, 13)]: 1
[(14, 14, 14, 14, 13)]: 4
[(15, 15, 15, 14, 13)]: 1
[(16, 16, 15, 14, 13)]: 4
[(17, 16, 15, 14, 13)]: 1
[(12, 12, 12, 12, 12, 12)]: 0
[(13, 13, 13, 13, 13, 12)]: 2
[(14, 14, 14, 14, 13, 12)]: 0
[(15, 15, 15, 14, 13, 12)]: 2
[(16, 16, 15, 14, 13, 12)]: 1
[(17, 16, 15, 14, 13, 12)]: 4
[(11, 11, 11, 11, 11, 11, 11)]: 1
[(12, 12, 12, 12, 12, 12, 11)]: 2
[(13, 13, 13, 13, 13, 12, 11)]: 1
[(14, 14, 14, 14, 13, 12, 11)]: 4
[(15, 15, 15, 14, 13, 12, 11)]: 1
[(16, 16, 15, 14, 13, 12, 11)]: 4
[(17, 16, 15, 14, 13, 12, 11)]: 1
[(10, 10, 10, 10, 10, 10, 10, 10)]: 0
[(11, 11, 11, 11, 11, 11, 11, 10)]: 2
[(12, 12, 12, 12, 12, 12, 11, 10)]: 0
[(13, 13, 13, 13, 13, 12, 11, 10)]: 2
[(14, 14, 14, 14, 13, 12, 11, 10)]: 1
[(15, 15, 15, 14, 13, 12, 11, 10)]: 2
[(16, 16, 15, 14, 13, 12, 11, 10)]: 1
[(17, 16, 15, 14, 13, 12, 11, 10)]: 4
[(9, 9, 9, 9, 9, 9, 9, 9, 9)]: 1
[(10, 10, 10, 10, 10, 10, 10, 10, 9)]: 2
[(11, 11, 11, 11, 11, 11, 11, 10, 9)]: 1
[(12, 12, 12, 12, 12, 12, 11, 10, 9)]: 2
[(13, 13, 13, 13, 13, 12, 11, 10, 9)]: 1
[(14, 14, 14, 14, 13, 12, 11, 10, 9)]: 4
[(15, 15, 15, 14, 13, 12, 11, 10, 9)]: 1
[(16, 16, 15, 14, 13, 12, 11, 10, 9)]: 4
[(17, 16, 15, 14, 13, 12, 11, 10, 9)]: 1
[(8, 8, 8, 8, 8, 8, 8, 8, 8, 8)]: 0
[(9, 9, 9, 9, 9, 9, 9, 9, 9, 8)]: 2
[(10, 10, 10, 10, 10, 10, 10, 10, 9, 8)]: 0
[(11, 11, 11, 11, 11, 11, 11, 10, 9, 8)]: 2
[(12, 12, 12, 12, 12, 12, 11, 10, 9, 8)]: 0
[(13, 13, 13, 13, 13, 12, 11, 10, 9, 8)]: 2
[(14, 14, 14, 14, 13, 12, 11, 10, 9, 8)]: 1
[(15, 15, 15, 14, 13, 12, 11, 10, 9, 8)]: 2
[(16, 16, 15, 14, 13, 12, 11, 10, 9, 8)]: 1
[(17, 16, 15, 14, 13, 12, 11, 10, 9, 8)]: 4
[(7, 7, 7, 7, 7, 7, 7, 7, 7, 7, 7)]: 1
[(8, 8, 8, 8, 8, 8, 8, 8, 8, 8, 7)]: 2
[(9, 9, 9, 9, 9, 9, 9, 9, 9, 8, 7)]: 1
[(10, 10, 10, 10, 10, 10, 10, 10, 9, 8, 7)]: 2
[(11, 11, 11, 11, 11, 11, 11, 10, 9, 8, 7)]: 1
[(12, 12, 12, 12, 12, 12, 11, 10, 9, 8, 7)]: 2
[(13, 13, 13, 13, 13, 12, 11, 10, 9, 8, 7)]: 1
[(14, 14, 14, 14, 13, 12, 11, 10, 9, 8, 7)]: 4
[(15, 15, 15, 14, 13, 12, 11, 10, 9, 8, 7)]: 1
[(16, 16, 15, 14, 13, 12, 11, 10, 9, 8, 7)]: 4
[(17, 16, 15, 14, 13, 12, 11, 10, 9, 8, 7)]: 1
[(6, 6, 6, 6, 6, 6, 6, 6, 6, 6, 6, 6)]: 0
[(7, 7, 7, 7, 7, 7, 7, 7, 7, 7, 7, 6)]: 2
[(8, 8, 8, 8, 8, 8, 8, 8, 8, 8, 7, 6)]: 0
[(9, 9, 9, 9, 9, 9, 9, 9, 9, 8, 7, 6)]: 2
[(10, 10, 10, 10, 10, 10, 10, 10, 9, 8, 7, 6)]: 0
[(11, 11, 11, 11, 11, 11, 11, 10, 9, 8, 7, 6)]: 2
[(12, 12, 12, 12, 12, 12, 11, 10, 9, 8, 7, 6)]: 0
[(13, 13, 13, 13, 13, 12, 11, 10, 9, 8, 7, 6)]: 2
[(14, 14, 14, 14, 13, 12, 11, 10, 9, 8, 7, 6)]: 1
[(15, 15, 15, 14, 13, 12, 11, 10, 9, 8, 7, 6)]: 2
[(16, 16, 15, 14, 13, 12, 11, 10, 9, 8, 7, 6)]: 1
[(17, 16, 15, 14, 13, 12, 11, 10, 9, 8, 7, 6)]: 4
[(5, 5, 5, 5, 5, 5, 5, 5, 5, 5, 5, 5, 5)]: 1
[(6, 6, 6, 6, 6, 6, 6, 6, 6, 6, 6, 6, 5)]: 2
[(7, 7, 7, 7, 7, 7, 7, 7, 7, 7, 7, 6, 5)]: 1
[(8, 8, 8, 8, 8, 8, 8, 8, 8, 8, 7, 6, 5)]: 2
[(9, 9, 9, 9, 9, 9, 9, 9, 9, 8, 7, 6, 5)]: 1
[(10, 10, 10, 10, 10, 10, 10, 10, 9, 8, 7, 6, 5)]: 2
[(11, 11, 11, 11, 11, 11, 11, 10, 9, 8, 7, 6, 5)]: 1
[(12, 12, 12, 12, 12, 12, 11, 10, 9, 8, 7, 6, 5)]: 2
[(13, 13, 13, 13, 13, 12, 11, 10, 9, 8, 7, 6, 5)]: 1
[(14, 14, 14, 14, 13, 12, 11, 10, 9, 8, 7, 6, 5)]: 4
[(15, 15, 15, 14, 13, 12, 11, 10, 9, 8, 7, 6, 5)]: 1
[(16, 16, 15, 14, 13, 12, 11, 10, 9, 8, 7, 6, 5)]: 4
[(17, 16, 15, 14, 13, 12, 11, 10, 9, 8, 7, 6, 5)]: 1
[(4, 4, 4, 4, 4, 4, 4, 4, 4, 4, 4, 4, 4, 4)]: 0
[(5, 5, 5, 5, 5, 5, 5, 5, 5, 5, 5, 5, 5, 4)]: 4
[(6, 6, 6, 6, 6, 6, 6, 6, 6, 6, 6, 6, 5, 4)]: 0
[(7, 7, 7, 7, 7, 7, 7, 7, 7, 7, 7, 6, 5, 4)]: 4
[(8, 8, 8, 8, 8, 8, 8, 8, 8, 8, 7, 6, 5, 4)]: 1
[(9, 9, 9, 9, 9, 9, 9, 9, 9, 8, 7, 6, 5, 4)]: 4
[(10, 10, 10, 10, 10, 10, 10, 10, 9, 8, 7, 6, 5, 4)]: 1
[(11, 11, 11, 11, 11, 11, 11, 10, 9, 8, 7, 6, 5, 4)]: 4
[(12, 12, 12, 12, 12, 12, 11, 10, 9, 8, 7, 6, 5, 4)]: 1
[(13, 13, 13, 13, 13, 12, 11, 10, 9, 8, 7, 6, 5, 4)]: 4
[(14, 14, 14, 14, 13, 12, 11, 10, 9, 8, 7, 6, 5, 4)]: 1
[(15, 15, 15, 14, 13, 12, 11, 10, 9, 8, 7, 6, 5, 4)]: 2
[(16, 16, 15, 14, 13, 12, 11, 10, 9, 8, 7, 6, 5, 4)]: 1
[(17, 16, 15, 14, 13, 12, 11, 10, 9, 8, 7, 6, 5, 4)]: 4
[(3, 3, 3, 3, 3, 3, 3, 3, 3, 3, 3, 3, 3, 3, 3)]: 1
[(4, 4, 4, 4, 4, 4, 4, 4, 4, 4, 4, 4, 4, 4, 3)]: 2
[(5, 5, 5, 5, 5, 5, 5, 5, 5, 5, 5, 5, 5, 4, 3)]: 1
[(6, 6, 6, 6, 6, 6, 6, 6, 6, 6, 6, 6, 5, 4, 3)]: 2
[(7, 7, 7, 7, 7, 7, 7, 7, 7, 7, 7, 6, 5, 4, 3)]: 1
[(8, 8, 8, 8, 8, 8, 8, 8, 8, 8, 7, 6, 5, 4, 3)]: 2
[(9, 9, 9, 9, 9, 9, 9, 9, 9, 8, 7, 6, 5, 4, 3)]: 1
[(10, 10, 10, 10, 10, 10, 10, 10, 9, 8, 7, 6, 5, 4, 3)]: 2
[(11, 11, 11, 11, 11, 11, 11, 10, 9, 8, 7, 6, 5, 4, 3)]: 1
[(12, 12, 12, 12, 12, 12, 11, 10, 9, 8, 7, 6, 5, 4, 3)]: 2
[(13, 13, 13, 13, 13, 12, 11, 10, 9, 8, 7, 6, 5, 4, 3)]: 1
[(14, 14, 14, 14, 13, 12, 11, 10, 9, 8, 7, 6, 5, 4, 3)]: 2
[(15, 15, 15, 14, 13, 12, 11, 10, 9, 8, 7, 6, 5, 4, 3)]: 1
[(16, 16, 15, 14, 13, 12, 11, 10, 9, 8, 7, 6, 5, 4, 3)]: 2
[(17, 16, 15, 14, 13, 12, 11, 10, 9, 8, 7, 6, 5, 4, 3)]: 1
[(2, 2, 2, 2, 2, 2, 2, 2, 2, 2, 2, 2, 2, 2, 2, 2)]: 0
[(3, 3, 3, 3, 3, 3, 3, 3, 3, 3, 3, 3, 3, 3, 3, 2)]: 4
[(4, 4, 4, 4, 4, 4, 4, 4, 4, 4, 4, 4, 4, 4, 3, 2)]: 0
[(5, 5, 5, 5, 5, 5, 5, 5, 5, 5, 5, 5, 5, 4, 3, 2)]: 4
[(6, 6, 6, 6, 6, 6, 6, 6, 6, 6, 6, 6, 5, 4, 3, 2)]: 1
[(7, 7, 7, 7, 7, 7, 7, 7, 7, 7, 7, 6, 5, 4, 3, 2)]: 4
[(8, 8, 8, 8, 8, 8, 8, 8, 8, 8, 7, 6, 5, 4, 3, 2)]: 1
[(9, 9, 9, 9, 9, 9, 9, 9, 9, 8, 7, 6, 5, 4, 3, 2)]: 4
[(10, 10, 10, 10, 10, 10, 10, 10, 9, 8, 7, 6, 5, 4, 3, 2)]: 1
[(11, 11, 11, 11, 11, 11, 11, 10, 9, 8, 7, 6, 5, 4, 3, 2)]: 4
[(12, 12, 12, 12, 12, 12, 11, 10, 9, 8, 7, 6, 5, 4, 3, 2)]: 1
[(13, 13, 13, 13, 13, 12, 11, 10, 9, 8, 7, 6, 5, 4, 3, 2)]: 4
[(14, 14, 14, 14, 13, 12, 11, 10, 9, 8, 7, 6, 5, 4, 3, 2)]: 1
[(15, 15, 15, 14, 13, 12, 11, 10, 9, 8, 7, 6, 5, 4, 3, 2)]: 2
[(16, 16, 15, 14, 13, 12, 11, 10, 9, 8, 7, 6, 5, 4, 3, 2)]: 1
[(17, 16, 15, 14, 13, 12, 11, 10, 9, 8, 7, 6, 5, 4, 3, 2)]: 4
[(1, 1, 1, 1, 1, 1, 1, 1, 1, 1, 1, 1, 1, 1, 1, 1, 1)]: 1
[(2, 2, 2, 2, 2, 2, 2, 2, 2, 2, 2, 2, 2, 2, 2, 2, 1)]: 4
[(3, 3, 3, 3, 3, 3, 3, 3, 3, 3, 3, 3, 3, 3, 3, 2, 1)]: 1
[(4, 4, 4, 4, 4, 4, 4, 4, 4, 4, 4, 4, 4, 4, 3, 2, 1)]: 4
[(5, 5, 5, 5, 5, 5, 5, 5, 5, 5, 5, 5, 5, 4, 3, 2, 1)]: 1
[(6, 6, 6, 6, 6, 6, 6, 6, 6, 6, 6, 6, 5, 4, 3, 2, 1)]: 4
[(7, 7, 7, 7, 7, 7, 7, 7, 7, 7, 7, 6, 5, 4, 3, 2, 1)]: 1
[(8, 8, 8, 8, 8, 8, 8, 8, 8, 8, 7, 6, 5, 4, 3, 2, 1)]: 4
[(9, 9, 9, 9, 9, 9, 9, 9, 9, 8, 7, 6, 5, 4, 3, 2, 1)]: 1
[(10, 10, 10, 10, 10, 10, 10, 10, 9, 8, 7, 6, 5, 4, 3, 2, 1)]: 4
[(11, 11, 11, 11, 11, 11, 11, 10, 9, 8, 7, 6, 5, 4, 3, 2, 1)]: 1
[(12, 12, 12, 12, 12, 12, 11, 10, 9, 8, 7, 6, 5, 4, 3, 2, 1)]: 4
[(13, 13, 13, 13, 13, 12, 11, 10, 9, 8, 7, 6, 5, 4, 3, 2, 1)]: 1
[(14, 14, 14, 14, 13, 12, 11, 10, 9, 8, 7, 6, 5, 4, 3, 2, 1)]: 4
[(15, 15, 15, 14, 13, 12, 11, 10, 9, 8, 7, 6, 5, 4, 3, 2, 1)]: 1
[(16, 16, 15, 14, 13, 12, 11, 10, 9, 8, 7, 6, 5, 4, 3, 2, 1)]: 4
[(17, 16, 15, 14, 13, 12, 11, 10, 9, 8, 7, 6, 5, 4, 3, 2, 1)]: 1
[(18,)]: 2
[(17, 17)]: 2
[(18, 17)]: 0
[(16, 16, 16)]: 2
[(17, 17, 16)]: 5
[(18, 17, 16)]: 2
[(15, 15, 15, 15)]: 2
[(16, 16, 16, 15)]: 0
[(17, 17, 16, 15)]: 2
[(18, 17, 16, 15)]: 0
[(14, 14, 14, 14, 14)]: 2
[(15, 15, 15, 15, 14)]: 5
[(16, 16, 16, 15, 14)]: 2
[(17, 17, 16, 15, 14)]: 5
[(18, 17, 16, 15, 14)]: 2
[(13, 13, 13, 13, 13, 13)]: 2
[(14, 14, 14, 14, 14, 13)]: 0
[(15, 15, 15, 15, 14, 13)]: 2
[(16, 16, 16, 15, 14, 13)]: 0
[(17, 17, 16, 15, 14, 13)]: 2
[(18, 17, 16, 15, 14, 13)]: 0
[(12, 12, 12, 12, 12, 12, 12)]: 2
[(13, 13, 13, 13, 13, 13, 12)]: 1
[(14, 14, 14, 14, 14, 13, 12)]: 2
[(15, 15, 15, 15, 14, 13, 12)]: 5
[(16, 16, 16, 15, 14, 13, 12)]: 2
[(17, 17, 16, 15, 14, 13, 12)]: 5
[(18, 17, 16, 15, 14, 13, 12)]: 2
[(11, 11, 11, 11, 11, 11, 11, 11)]: 2
[(12, 12, 12, 12, 12, 12, 12, 11)]: 0
[(13, 13, 13, 13, 13, 13, 12, 11)]: 2
[(14, 14, 14, 14, 14, 13, 12, 11)]: 0
[(15, 15, 15, 15, 14, 13, 12, 11)]: 2
[(16, 16, 16, 15, 14, 13, 12, 11)]: 0
[(17, 17, 16, 15, 14, 13, 12, 11)]: 2
[(18, 17, 16, 15, 14, 13, 12, 11)]: 0
[(10, 10, 10, 10, 10, 10, 10, 10, 10)]: 2
[(11, 11, 11, 11, 11, 11, 11, 11, 10)]: 1
[(12, 12, 12, 12, 12, 12, 12, 11, 10)]: 2
[(13, 13, 13, 13, 13, 13, 12, 11, 10)]: 1
[(14, 14, 14, 14, 14, 13, 12, 11, 10)]: 2
[(15, 15, 15, 15, 14, 13, 12, 11, 10)]: 5
[(16, 16, 16, 15, 14, 13, 12, 11, 10)]: 2
[(17, 17, 16, 15, 14, 13, 12, 11, 10)]: 5
[(18, 17, 16, 15, 14, 13, 12, 11, 10)]: 2
[(9, 9, 9, 9, 9, 9, 9, 9, 9, 9)]: 2
[(10, 10, 10, 10, 10, 10, 10, 10, 10, 9)]: 0
[(11, 11, 11, 11, 11, 11, 11, 11, 10, 9)]: 2
[(12, 12, 12, 12, 12, 12, 12, 11, 10, 9)]: 0
[(13, 13, 13, 13, 13, 13, 12, 11, 10, 9)]: 2
[(14, 14, 14, 14, 14, 13, 12, 11, 10, 9)]: 0
[(15, 15, 15, 15, 14, 13, 12, 11, 10, 9)]: 2
[(16, 16, 16, 15, 14, 13, 12, 11, 10, 9)]: 0
[(17, 17, 16, 15, 14, 13, 12, 11, 10, 9)]: 2
[(18, 17, 16, 15, 14, 13, 12, 11, 10, 9)]: 0
[(8, 8, 8, 8, 8, 8, 8, 8, 8, 8, 8)]: 2
[(9, 9, 9, 9, 9, 9, 9, 9, 9, 9, 8)]: 1
[(10, 10, 10, 10, 10, 10, 10, 10, 10, 9, 8)]: 2
[(11, 11, 11, 11, 11, 11, 11, 11, 10, 9, 8)]: 1
[(12, 12, 12, 12, 12, 12, 12, 11, 10, 9, 8)]: 2
[(13, 13, 13, 13, 13, 13, 12, 11, 10, 9, 8)]: 1
[(14, 14, 14, 14, 14, 13, 12, 11, 10, 9, 8)]: 2
[(15, 15, 15, 15, 14, 13, 12, 11, 10, 9, 8)]: 5
[(16, 16, 16, 15, 14, 13, 12, 11, 10, 9, 8)]: 2
[(17, 17, 16, 15, 14, 13, 12, 11, 10, 9, 8)]: 5
[(18, 17, 16, 15, 14, 13, 12, 11, 10, 9, 8)]: 2
[(7, 7, 7, 7, 7, 7, 7, 7, 7, 7, 7, 7)]: 2
[(8, 8, 8, 8, 8, 8, 8, 8, 8, 8, 8, 7)]: 0
[(9, 9, 9, 9, 9, 9, 9, 9, 9, 9, 8, 7)]: 2
[(10, 10, 10, 10, 10, 10, 10, 10, 10, 9, 8, 7)]: 0
[(11, 11, 11, 11, 11, 11, 11, 11, 10, 9, 8, 7)]: 2
[(12, 12, 12, 12, 12, 12, 12, 11, 10, 9, 8, 7)]: 0
[(13, 13, 13, 13, 13, 13, 12, 11, 10, 9, 8, 7)]: 2
[(14, 14, 14, 14, 14, 13, 12, 11, 10, 9, 8, 7)]: 0
[(15, 15, 15, 15, 14, 13, 12, 11, 10, 9, 8, 7)]: 2
[(16, 16, 16, 15, 14, 13, 12, 11, 10, 9, 8, 7)]: 0
[(17, 17, 16, 15, 14, 13, 12, 11, 10, 9, 8, 7)]: 2
[(18, 17, 16, 15, 14, 13, 12, 11, 10, 9, 8, 7)]: 0
[(6, 6, 6, 6, 6, 6, 6, 6, 6, 6, 6, 6, 6)]: 2
[(7, 7, 7, 7, 7, 7, 7, 7, 7, 7, 7, 7, 6)]: 1
[(8, 8, 8, 8, 8, 8, 8, 8, 8, 8, 8, 7, 6)]: 2
[(9, 9, 9, 9, 9, 9, 9, 9, 9, 9, 8, 7, 6)]: 1
[(10, 10, 10, 10, 10, 10, 10, 10, 10, 9, 8, 7, 6)]: 2
[(11, 11, 11, 11, 11, 11, 11, 11, 10, 9, 8, 7, 6)]: 1
[(12, 12, 12, 12, 12, 12, 12, 11, 10, 9, 8, 7, 6)]: 2
[(13, 13, 13, 13, 13, 13, 12, 11, 10, 9, 8, 7, 6)]: 1
[(14, 14, 14, 14, 14, 13, 12, 11, 10, 9, 8, 7, 6)]: 2
[(15, 15, 15, 15, 14, 13, 12, 11, 10, 9, 8, 7, 6)]: 5
[(16, 16, 16, 15, 14, 13, 12, 11, 10, 9, 8, 7, 6)]: 2
[(17, 17, 16, 15, 14, 13, 12, 11, 10, 9, 8, 7, 6)]: 5
[(18, 17, 16, 15, 14, 13, 12, 11, 10, 9, 8, 7, 6)]: 2
[(5, 5, 5, 5, 5, 5, 5, 5, 5, 5, 5, 5, 5, 5)]: 2
[(6, 6, 6, 6, 6, 6, 6, 6, 6, 6, 6, 6, 6, 5)]: 0
[(7, 7, 7, 7, 7, 7, 7, 7, 7, 7, 7, 7, 6, 5)]: 2
[(8, 8, 8, 8, 8, 8, 8, 8, 8, 8, 8, 7, 6, 5)]: 0
[(9, 9, 9, 9, 9, 9, 9, 9, 9, 9, 8, 7, 6, 5)]: 2
[(10, 10, 10, 10, 10, 10, 10, 10, 10, 9, 8, 7, 6, 5)]: 0
[(11, 11, 11, 11, 11, 11, 11, 11, 10, 9, 8, 7, 6, 5)]: 2
[(12, 12, 12, 12, 12, 12, 12, 11, 10, 9, 8, 7, 6, 5)]: 0
[(13, 13, 13, 13, 13, 13, 12, 11, 10, 9, 8, 7, 6, 5)]: 2
[(14, 14, 14, 14, 14, 13, 12, 11, 10, 9, 8, 7, 6, 5)]: 0
[(15, 15, 15, 15, 14, 13, 12, 11, 10, 9, 8, 7, 6, 5)]: 2
[(16, 16, 16, 15, 14, 13, 12, 11, 10, 9, 8, 7, 6, 5)]: 0
[(17, 17, 16, 15, 14, 13, 12, 11, 10, 9, 8, 7, 6, 5)]: 2
[(18, 17, 16, 15, 14, 13, 12, 11, 10, 9, 8, 7, 6, 5)]: 0
[(4, 4, 4, 4, 4, 4, 4, 4, 4, 4, 4, 4, 4, 4, 4)]: 2
[(5, 5, 5, 5, 5, 5, 5, 5, 5, 5, 5, 5, 5, 5, 4)]: 5
[(6, 6, 6, 6, 6, 6, 6, 6, 6, 6, 6, 6, 6, 5, 4)]: 2
[(7, 7, 7, 7, 7, 7, 7, 7, 7, 7, 7, 7, 6, 5, 4)]: 5
[(8, 8, 8, 8, 8, 8, 8, 8, 8, 8, 8, 7, 6, 5, 4)]: 2
[(9, 9, 9, 9, 9, 9, 9, 9, 9, 9, 8, 7, 6, 5, 4)]: 5
[(10, 10, 10, 10, 10, 10, 10, 10, 10, 9, 8, 7, 6, 5, 4)]: 2
[(11, 11, 11, 11, 11, 11, 11, 11, 10, 9, 8, 7, 6, 5, 4)]: 5
[(12, 12, 12, 12, 12, 12, 12, 11, 10, 9, 8, 7, 6, 5, 4)]: 2
[(13, 13, 13, 13, 13, 13, 12, 11, 10, 9, 8, 7, 6, 5, 4)]: 5
[(14, 14, 14, 14, 14, 13, 12, 11, 10, 9, 8, 7, 6, 5, 4)]: 2
[(15, 15, 15, 15, 14, 13, 12, 11, 10, 9, 8, 7, 6, 5, 4)]: 0
[(16, 16, 16, 15, 14, 13, 12, 11, 10, 9, 8, 7, 6, 5, 4)]: 2
[(17, 17, 16, 15, 14, 13, 12, 11, 10, 9, 8, 7, 6, 5, 4)]: 0
[(18, 17, 16, 15, 14, 13, 12, 11, 10, 9, 8, 7, 6, 5, 4)]: 2
[(3, 3, 3, 3, 3, 3, 3, 3, 3, 3, 3, 3, 3, 3, 3, 3)]: 2
[(4, 4, 4, 4, 4, 4, 4, 4, 4, 4, 4, 4, 4, 4, 4, 3)]: 0
[(5, 5, 5, 5, 5, 5, 5, 5, 5, 5, 5, 5, 5, 5, 4, 3)]: 2
[(6, 6, 6, 6, 6, 6, 6, 6, 6, 6, 6, 6, 6, 5, 4, 3)]: 0
[(7, 7, 7, 7, 7, 7, 7, 7, 7, 7, 7, 7, 6, 5, 4, 3)]: 2
[(8, 8, 8, 8, 8, 8, 8, 8, 8, 8, 8, 7, 6, 5, 4, 3)]: 0
[(9, 9, 9, 9, 9, 9, 9, 9, 9, 9, 8, 7, 6, 5, 4, 3)]: 2
[(10, 10, 10, 10, 10, 10, 10, 10, 10, 9, 8, 7, 6, 5, 4, 3)]: 0
[(11, 11, 11, 11, 11, 11, 11, 11, 10, 9, 8, 7, 6, 5, 4, 3)]: 2
[(12, 12, 12, 12, 12, 12, 12, 11, 10, 9, 8, 7, 6, 5, 4, 3)]: 0
[(13, 13, 13, 13, 13, 13, 12, 11, 10, 9, 8, 7, 6, 5, 4, 3)]: 2
[(14, 14, 14, 14, 14, 13, 12, 11, 10, 9, 8, 7, 6, 5, 4, 3)]: 0
[(15, 15, 15, 15, 14, 13, 12, 11, 10, 9, 8, 7, 6, 5, 4, 3)]: 2
[(16, 16, 16, 15, 14, 13, 12, 11, 10, 9, 8, 7, 6, 5, 4, 3)]: 0
[(17, 17, 16, 15, 14, 13, 12, 11, 10, 9, 8, 7, 6, 5, 4, 3)]: 2
[(18, 17, 16, 15, 14, 13, 12, 11, 10, 9, 8, 7, 6, 5, 4, 3)]: 0
[(2, 2, 2, 2, 2, 2, 2, 2, 2, 2, 2, 2, 2, 2, 2, 2, 2)]: 2
[(3, 3, 3, 3, 3, 3, 3, 3, 3, 3, 3, 3, 3, 3, 3, 3, 2)]: 5
[(4, 4, 4, 4, 4, 4, 4, 4, 4, 4, 4, 4, 4, 4, 4, 3, 2)]: 2
[(5, 5, 5, 5, 5, 5, 5, 5, 5, 5, 5, 5, 5, 5, 4, 3, 2)]: 5
[(6, 6, 6, 6, 6, 6, 6, 6, 6, 6, 6, 6, 6, 5, 4, 3, 2)]: 2
[(7, 7, 7, 7, 7, 7, 7, 7, 7, 7, 7, 7, 6, 5, 4, 3, 2)]: 5
[(8, 8, 8, 8, 8, 8, 8, 8, 8, 8, 8, 7, 6, 5, 4, 3, 2)]: 2
[(9, 9, 9, 9, 9, 9, 9, 9, 9, 9, 8, 7, 6, 5, 4, 3, 2)]: 5
[(10, 10, 10, 10, 10, 10, 10, 10, 10, 9, 8, 7, 6, 5, 4, 3, 2)]: 2
[(11, 11, 11, 11, 11, 11, 11, 11, 10, 9, 8, 7, 6, 5, 4, 3, 2)]: 5
[(12, 12, 12, 12, 12, 12, 12, 11, 10, 9, 8, 7, 6, 5, 4, 3, 2)]: 2
[(13, 13, 13, 13, 13, 13, 12, 11, 10, 9, 8, 7, 6, 5, 4, 3, 2)]: 5
[(14, 14, 14, 14, 14, 13, 12, 11, 10, 9, 8, 7, 6, 5, 4, 3, 2)]: 2
[(15, 15, 15, 15, 14, 13, 12, 11, 10, 9, 8, 7, 6, 5, 4, 3, 2)]: 0
[(16, 16, 16, 15, 14, 13, 12, 11, 10, 9, 8, 7, 6, 5, 4, 3, 2)]: 2
[(17, 17, 16, 15, 14, 13, 12, 11, 10, 9, 8, 7, 6, 5, 4, 3, 2)]: 0
[(18, 17, 16, 15, 14, 13, 12, 11, 10, 9, 8, 7, 6, 5, 4, 3, 2)]: 2
[(1, 1, 1, 1, 1, 1, 1, 1, 1, 1, 1, 1, 1, 1, 1, 1, 1, 1)]: 2
[(2, 2, 2, 2, 2, 2, 2, 2, 2, 2, 2, 2, 2, 2, 2, 2, 2, 1)]: 0
[(3, 3, 3, 3, 3, 3, 3, 3, 3, 3, 3, 3, 3, 3, 3, 3, 2, 1)]: 2
[(4, 4, 4, 4, 4, 4, 4, 4, 4, 4, 4, 4, 4, 4, 4, 3, 2, 1)]: 0
[(5, 5, 5, 5, 5, 5, 5, 5, 5, 5, 5, 5, 5, 5, 4, 3, 2, 1)]: 2
[(6, 6, 6, 6, 6, 6, 6, 6, 6, 6, 6, 6, 6, 5, 4, 3, 2, 1)]: 0
[(7, 7, 7, 7, 7, 7, 7, 7, 7, 7, 7, 7, 6, 5, 4, 3, 2, 1)]: 2
[(8, 8, 8, 8, 8, 8, 8, 8, 8, 8, 8, 7, 6, 5, 4, 3, 2, 1)]: 0
[(9, 9, 9, 9, 9, 9, 9, 9, 9, 9, 8, 7, 6, 5, 4, 3, 2, 1)]: 2
[(10, 10, 10, 10, 10, 10, 10, 10, 10, 9, 8, 7, 6, 5, 4, 3, 2, 1)]: 0
[(11, 11, 11, 11, 11, 11, 11, 11, 10, 9, 8, 7, 6, 5, 4, 3, 2, 1)]: 2
[(12, 12, 12, 12, 12, 12, 12, 11, 10, 9, 8, 7, 6, 5, 4, 3, 2, 1)]: 0
[(13, 13, 13, 13, 13, 13, 12, 11, 10, 9, 8, 7, 6, 5, 4, 3, 2, 1)]: 2
[(14, 14, 14, 14, 14, 13, 12, 11, 10, 9, 8, 7, 6, 5, 4, 3, 2, 1)]: 0
[(15, 15, 15, 15, 14, 13, 12, 11, 10, 9, 8, 7, 6, 5, 4, 3, 2, 1)]: 2
[(16, 16, 16, 15, 14, 13, 12, 11, 10, 9, 8, 7, 6, 5, 4, 3, 2, 1)]: 0
[(17, 17, 16, 15, 14, 13, 12, 11, 10, 9, 8, 7, 6, 5, 4, 3, 2, 1)]: 2
[(18, 17, 16, 15, 14, 13, 12, 11, 10, 9, 8, 7, 6, 5, 4, 3, 2, 1)]: 0
[(19,)]: 1
[(18, 18)]: 0
[(19, 18)]: 4
[(17, 17, 17)]: 1
[(18, 18, 17)]: 4
[(19, 18, 17)]: 1
[(16, 16, 16, 16)]: 0
[(17, 17, 17, 16)]: 2
[(18, 18, 17, 16)]: 0
[(19, 18, 17, 16)]: 4
[(15, 15, 15, 15, 15)]: 1
[(16, 16, 16, 16, 15)]: 4
[(17, 17, 17, 16, 15)]: 1
[(18, 18, 17, 16, 15)]: 4
[(19, 18, 17, 16, 15)]: 1
[(14, 14, 14, 14, 14, 14)]: 0
[(15, 15, 15, 15, 15, 14)]: 2
[(16, 16, 16, 16, 15, 14)]: 0
[(17, 17, 17, 16, 15, 14)]: 2
[(18, 18, 17, 16, 15, 14)]: 1
[(19, 18, 17, 16, 15, 14)]: 4
[(13, 13, 13, 13, 13, 13, 13)]: 1
[(14, 14, 14, 14, 14, 14, 13)]: 2
[(15, 15, 15, 15, 15, 14, 13)]: 1
[(16, 16, 16, 16, 15, 14, 13)]: 4
[(17, 17, 17, 16, 15, 14, 13)]: 1
[(18, 18, 17, 16, 15, 14, 13)]: 4
[(19, 18, 17, 16, 15, 14, 13)]: 1
[(12, 12, 12, 12, 12, 12, 12, 12)]: 0
[(13, 13, 13, 13, 13, 13, 13, 12)]: 2
[(14, 14, 14, 14, 14, 14, 13, 12)]: 0
[(15, 15, 15, 15, 15, 14, 13, 12)]: 2
[(16, 16, 16, 16, 15, 14, 13, 12)]: 1
[(17, 17, 17, 16, 15, 14, 13, 12)]: 2
[(18, 18, 17, 16, 15, 14, 13, 12)]: 1
[(19, 18, 17, 16, 15, 14, 13, 12)]: 4
[(11, 11, 11, 11, 11, 11, 11, 11, 11)]: 1
[(12, 12, 12, 12, 12, 12, 12, 12, 11)]: 2
[(13, 13, 13, 13, 13, 13, 13, 12, 11)]: 1
[(14, 14, 14, 14, 14, 14, 13, 12, 11)]: 2
[(15, 15, 15, 15, 15, 14, 13, 12, 11)]: 1
[(16, 16, 16, 16, 15, 14, 13, 12, 11)]: 4
[(17, 17, 17, 16, 15, 14, 13, 12, 11)]: 1
[(18, 18, 17, 16, 15, 14, 13, 12, 11)]: 4
[(19, 18, 17, 16, 15, 14, 13, 12, 11)]: 1
[(10, 10, 10, 10, 10, 10, 10, 10, 10, 10)]: 0
[(11, 11, 11, 11, 11, 11, 11, 11, 11, 10)]: 2
[(12, 12, 12, 12, 12, 12, 12, 12, 11, 10)]: 0
[(13, 13, 13, 13, 13, 13, 13, 12, 11, 10)]: 2
[(14, 14, 14, 14, 14, 14, 13, 12, 11, 10)]: 0
[(15, 15, 15, 15, 15, 14, 13, 12, 11, 10)]: 2
[(16, 16, 16, 16, 15, 14, 13, 12, 11, 10)]: 1
[(17, 17, 17, 16, 15, 14, 13, 12, 11, 10)]: 2
[(18, 18, 17, 16, 15, 14, 13, 12, 11, 10)]: 1
[(19, 18, 17, 16, 15, 14, 13, 12, 11, 10)]: 4
[(9, 9, 9, 9, 9, 9, 9, 9, 9, 9, 9)]: 1
[(10, 10, 10, 10, 10, 10, 10, 10, 10, 10, 9)]: 2
[(11, 11, 11, 11, 11, 11, 11, 11, 11, 10, 9)]: 1
[(12, 12, 12, 12, 12, 12, 12, 12, 11, 10, 9)]: 2
[(13, 13, 13, 13, 13, 13, 13, 12, 11, 10, 9)]: 1
[(14, 14, 14, 14, 14, 14, 13, 12, 11, 10, 9)]: 2
[(15, 15, 15, 15, 15, 14, 13, 12, 11, 10, 9)]: 1
[(16, 16, 16, 16, 15, 14, 13, 12, 11, 10, 9)]: 4
[(17, 17, 17, 16, 15, 14, 13, 12, 11, 10, 9)]: 1
[(18, 18, 17, 16, 15, 14, 13, 12, 11, 10, 9)]: 4
[(19, 18, 17, 16, 15, 14, 13, 12, 11, 10, 9)]: 1
[(8, 8, 8, 8, 8, 8, 8, 8, 8, 8, 8, 8)]: 0
[(9, 9, 9, 9, 9, 9, 9, 9, 9, 9, 9, 8)]: 2
[(10, 10, 10, 10, 10, 10, 10, 10, 10, 10, 9, 8)]: 0
[(11, 11, 11, 11, 11, 11, 11, 11, 11, 10, 9, 8)]: 2
[(12, 12, 12, 12, 12, 12, 12, 12, 11, 10, 9, 8)]: 0
[(13, 13, 13, 13, 13, 13, 13, 12, 11, 10, 9, 8)]: 2
[(14, 14, 14, 14, 14, 14, 13, 12, 11, 10, 9, 8)]: 0
[(15, 15, 15, 15, 15, 14, 13, 12, 11, 10, 9, 8)]: 2
[(16, 16, 16, 16, 15, 14, 13, 12, 11, 10, 9, 8)]: 1
[(17, 17, 17, 16, 15, 14, 13, 12, 11, 10, 9, 8)]: 2
[(18, 18, 17, 16, 15, 14, 13, 12, 11, 10, 9, 8)]: 1
[(19, 18, 17, 16, 15, 14, 13, 12, 11, 10, 9, 8)]: 4
[(7, 7, 7, 7, 7, 7, 7, 7, 7, 7, 7, 7, 7)]: 1
[(8, 8, 8, 8, 8, 8, 8, 8, 8, 8, 8, 8, 7)]: 2
[(9, 9, 9, 9, 9, 9, 9, 9, 9, 9, 9, 8, 7)]: 1
[(10, 10, 10, 10, 10, 10, 10, 10, 10, 10, 9, 8, 7)]: 2
[(11, 11, 11, 11, 11, 11, 11, 11, 11, 10, 9, 8, 7)]: 1
[(12, 12, 12, 12, 12, 12, 12, 12, 11, 10, 9, 8, 7)]: 2
[(13, 13, 13, 13, 13, 13, 13, 12, 11, 10, 9, 8, 7)]: 1
[(14, 14, 14, 14, 14, 14, 13, 12, 11, 10, 9, 8, 7)]: 2
[(15, 15, 15, 15, 15, 14, 13, 12, 11, 10, 9, 8, 7)]: 1
[(16, 16, 16, 16, 15, 14, 13, 12, 11, 10, 9, 8, 7)]: 4
[(17, 17, 17, 16, 15, 14, 13, 12, 11, 10, 9, 8, 7)]: 1
[(18, 18, 17, 16, 15, 14, 13, 12, 11, 10, 9, 8, 7)]: 4
[(19, 18, 17, 16, 15, 14, 13, 12, 11, 10, 9, 8, 7)]: 1
[(6, 6, 6, 6, 6, 6, 6, 6, 6, 6, 6, 6, 6, 6)]: 0
[(7, 7, 7, 7, 7, 7, 7, 7, 7, 7, 7, 7, 7, 6)]: 2
[(8, 8, 8, 8, 8, 8, 8, 8, 8, 8, 8, 8, 7, 6)]: 0
[(9, 9, 9, 9, 9, 9, 9, 9, 9, 9, 9, 8, 7, 6)]: 2
[(10, 10, 10, 10, 10, 10, 10, 10, 10, 10, 9, 8, 7, 6)]: 0
[(11, 11, 11, 11, 11, 11, 11, 11, 11, 10, 9, 8, 7, 6)]: 2
[(12, 12, 12, 12, 12, 12, 12, 12, 11, 10, 9, 8, 7, 6)]: 0
[(13, 13, 13, 13, 13, 13, 13, 12, 11, 10, 9, 8, 7, 6)]: 2
[(14, 14, 14, 14, 14, 14, 13, 12, 11, 10, 9, 8, 7, 6)]: 0
[(15, 15, 15, 15, 15, 14, 13, 12, 11, 10, 9, 8, 7, 6)]: 2
[(16, 16, 16, 16, 15, 14, 13, 12, 11, 10, 9, 8, 7, 6)]: 1
[(17, 17, 17, 16, 15, 14, 13, 12, 11, 10, 9, 8, 7, 6)]: 2
[(18, 18, 17, 16, 15, 14, 13, 12, 11, 10, 9, 8, 7, 6)]: 1
[(19, 18, 17, 16, 15, 14, 13, 12, 11, 10, 9, 8, 7, 6)]: 4
[(5, 5, 5, 5, 5, 5, 5, 5, 5, 5, 5, 5, 5, 5, 5)]: 1
[(6, 6, 6, 6, 6, 6, 6, 6, 6, 6, 6, 6, 6, 6, 5)]: 2
[(7, 7, 7, 7, 7, 7, 7, 7, 7, 7, 7, 7, 7, 6, 5)]: 1
[(8, 8, 8, 8, 8, 8, 8, 8, 8, 8, 8, 8, 7, 6, 5)]: 2
[(9, 9, 9, 9, 9, 9, 9, 9, 9, 9, 9, 8, 7, 6, 5)]: 1
[(10, 10, 10, 10, 10, 10, 10, 10, 10, 10, 9, 8, 7, 6, 5)]: 2
[(11, 11, 11, 11, 11, 11, 11, 11, 11, 10, 9, 8, 7, 6, 5)]: 1
[(12, 12, 12, 12, 12, 12, 12, 12, 11, 10, 9, 8, 7, 6, 5)]: 2
[(13, 13, 13, 13, 13, 13, 13, 12, 11, 10, 9, 8, 7, 6, 5)]: 1
[(14, 14, 14, 14, 14, 14, 13, 12, 11, 10, 9, 8, 7, 6, 5)]: 2
[(15, 15, 15, 15, 15, 14, 13, 12, 11, 10, 9, 8, 7, 6, 5)]: 1
[(16, 16, 16, 16, 15, 14, 13, 12, 11, 10, 9, 8, 7, 6, 5)]: 4
[(17, 17, 17, 16, 15, 14, 13, 12, 11, 10, 9, 8, 7, 6, 5)]: 1
[(18, 18, 17, 16, 15, 14, 13, 12, 11, 10, 9, 8, 7, 6, 5)]: 4
[(19, 18, 17, 16, 15, 14, 13, 12, 11, 10, 9, 8, 7, 6, 5)]: 1
[(4, 4, 4, 4, 4, 4, 4, 4, 4, 4, 4, 4, 4, 4, 4, 4)]: 0
[(5, 5, 5, 5, 5, 5, 5, 5, 5, 5, 5, 5, 5, 5, 5, 4)]: 4
[(6, 6, 6, 6, 6, 6, 6, 6, 6, 6, 6, 6, 6, 6, 5, 4)]: 0
[(7, 7, 7, 7, 7, 7, 7, 7, 7, 7, 7, 7, 7, 6, 5, 4)]: 4
[(8, 8, 8, 8, 8, 8, 8, 8, 8, 8, 8, 8, 7, 6, 5, 4)]: 1
[(9, 9, 9, 9, 9, 9, 9, 9, 9, 9, 9, 8, 7, 6, 5, 4)]: 4
[(10, 10, 10, 10, 10, 10, 10, 10, 10, 10, 9, 8, 7, 6, 5, 4)]: 1
[(11, 11, 11, 11, 11, 11, 11, 11, 11, 10, 9, 8, 7, 6, 5, 4)]: 4
[(12, 12, 12, 12, 12, 12, 12, 12, 11, 10, 9, 8, 7, 6, 5, 4)]: 1
[(13, 13, 13, 13, 13, 13, 13, 12, 11, 10, 9, 8, 7, 6, 5, 4)]: 4
[(14, 14, 14, 14, 14, 14, 13, 12, 11, 10, 9, 8, 7, 6, 5, 4)]: 1
[(15, 15, 15, 15, 15, 14, 13, 12, 11, 10, 9, 8, 7, 6, 5, 4)]: 4
[(16, 16, 16, 16, 15, 14, 13, 12, 11, 10, 9, 8, 7, 6, 5, 4)]: 1
[(17, 17, 17, 16, 15, 14, 13, 12, 11, 10, 9, 8, 7, 6, 5, 4)]: 2
[(18, 18, 17, 16, 15, 14, 13, 12, 11, 10, 9, 8, 7, 6, 5, 4)]: 1
[(19, 18, 17, 16, 15, 14, 13, 12, 11, 10, 9, 8, 7, 6, 5, 4)]: 4
[(3, 3, 3, 3, 3, 3, 3, 3, 3, 3, 3, 3, 3, 3, 3, 3, 3)]: 1
[(4, 4, 4, 4, 4, 4, 4, 4, 4, 4, 4, 4, 4, 4, 4, 4, 3)]: 2
[(5, 5, 5, 5, 5, 5, 5, 5, 5, 5, 5, 5, 5, 5, 5, 4, 3)]: 1
[(6, 6, 6, 6, 6, 6, 6, 6, 6, 6, 6, 6, 6, 6, 5, 4, 3)]: 2
[(7, 7, 7, 7, 7, 7, 7, 7, 7, 7, 7, 7, 7, 6, 5, 4, 3)]: 1
[(8, 8, 8, 8, 8, 8, 8, 8, 8, 8, 8, 8, 7, 6, 5, 4, 3)]: 2
[(9, 9, 9, 9, 9, 9, 9, 9, 9, 9, 9, 8, 7, 6, 5, 4, 3)]: 1
[(10, 10, 10, 10, 10, 10, 10, 10, 10, 10, 9, 8, 7, 6, 5, 4, 3)]: 2
[(11, 11, 11, 11, 11, 11, 11, 11, 11, 10, 9, 8, 7, 6, 5, 4, 3)]: 1
[(12, 12, 12, 12, 12, 12, 12, 12, 11, 10, 9, 8, 7, 6, 5, 4, 3)]: 2
[(13, 13, 13, 13, 13, 13, 13, 12, 11, 10, 9, 8, 7, 6, 5, 4, 3)]: 1
[(14, 14, 14, 14, 14, 14, 13, 12, 11, 10, 9, 8, 7, 6, 5, 4, 3)]: 2
[(15, 15, 15, 15, 15, 14, 13, 12, 11, 10, 9, 8, 7, 6, 5, 4, 3)]: 1
[(16, 16, 16, 16, 15, 14, 13, 12, 11, 10, 9, 8, 7, 6, 5, 4, 3)]: 2
[(17, 17, 17, 16, 15, 14, 13, 12, 11, 10, 9, 8, 7, 6, 5, 4, 3)]: 1
[(18, 18, 17, 16, 15, 14, 13, 12, 11, 10, 9, 8, 7, 6, 5, 4, 3)]: 2
[(19, 18, 17, 16, 15, 14, 13, 12, 11, 10, 9, 8, 7, 6, 5, 4, 3)]: 1
[(2, 2, 2, 2, 2, 2, 2, 2, 2, 2, 2, 2, 2, 2, 2, 2, 2, 2)]: 0
[(3, 3, 3, 3, 3, 3, 3, 3, 3, 3, 3, 3, 3, 3, 3, 3, 3, 2)]: 4
[(4, 4, 4, 4, 4, 4, 4, 4, 4, 4, 4, 4, 4, 4, 4, 4, 3, 2)]: 0
[(5, 5, 5, 5, 5, 5, 5, 5, 5, 5, 5, 5, 5, 5, 5, 4, 3, 2)]: 4
[(6, 6, 6, 6, 6, 6, 6, 6, 6, 6, 6, 6, 6, 6, 5, 4, 3, 2)]: 1
[(7, 7, 7, 7, 7, 7, 7, 7, 7, 7, 7, 7, 7, 6, 5, 4, 3, 2)]: 4
[(8, 8, 8, 8, 8, 8, 8, 8, 8, 8, 8, 8, 7, 6, 5, 4, 3, 2)]: 1
[(9, 9, 9, 9, 9, 9, 9, 9, 9, 9, 9, 8, 7, 6, 5, 4, 3, 2)]: 4
[(10, 10, 10, 10, 10, 10, 10, 10, 10, 10, 9, 8, 7, 6, 5, 4, 3, 2)]: 1
[(11, 11, 11, 11, 11, 11, 11, 11, 11, 10, 9, 8, 7, 6, 5, 4, 3, 2)]: 4
[(12, 12, 12, 12, 12, 12, 12, 12, 11, 10, 9, 8, 7, 6, 5, 4, 3, 2)]: 1
[(13, 13, 13, 13, 13, 13, 13, 12, 11, 10, 9, 8, 7, 6, 5, 4, 3, 2)]: 4
[(14, 14, 14, 14, 14, 14, 13, 12, 11, 10, 9, 8, 7, 6, 5, 4, 3, 2)]: 1
[(15, 15, 15, 15, 15, 14, 13, 12, 11, 10, 9, 8, 7, 6, 5, 4, 3, 2)]: 4
[(16, 16, 16, 16, 15, 14, 13, 12, 11, 10, 9, 8, 7, 6, 5, 4, 3, 2)]: 1
[(17, 17, 17, 16, 15, 14, 13, 12, 11, 10, 9, 8, 7, 6, 5, 4, 3, 2)]: 2
[(18, 18, 17, 16, 15, 14, 13, 12, 11, 10, 9, 8, 7, 6, 5, 4, 3, 2)]: 1
[(19, 18, 17, 16, 15, 14, 13, 12, 11, 10, 9, 8, 7, 6, 5, 4, 3, 2)]: 4
[(1, 1, 1, 1, 1, 1, 1, 1, 1, 1, 1, 1, 1, 1, 1, 1, 1, 1, 1)]: 1
[(2, 2, 2, 2, 2, 2, 2, 2, 2, 2, 2, 2, 2, 2, 2, 2, 2, 2, 1)]: 4
[(3, 3, 3, 3, 3, 3, 3, 3, 3, 3, 3, 3, 3, 3, 3, 3, 3, 2, 1)]: 1
[(4, 4, 4, 4, 4, 4, 4, 4, 4, 4, 4, 4, 4, 4, 4, 4, 3, 2, 1)]: 4
[(5, 5, 5, 5, 5, 5, 5, 5, 5, 5, 5, 5, 5, 5, 5, 4, 3, 2, 1)]: 1
[(6, 6, 6, 6, 6, 6, 6, 6, 6, 6, 6, 6, 6, 6, 5, 4, 3, 2, 1)]: 4
[(7, 7, 7, 7, 7, 7, 7, 7, 7, 7, 7, 7, 7, 6, 5, 4, 3, 2, 1)]: 1
[(8, 8, 8, 8, 8, 8, 8, 8, 8, 8, 8, 8, 7, 6, 5, 4, 3, 2, 1)]: 4
[(9, 9, 9, 9, 9, 9, 9, 9, 9, 9, 9, 8, 7, 6, 5, 4, 3, 2, 1)]: 1
[(10, 10, 10, 10, 10, 10, 10, 10, 10, 10, 9, 8, 7, 6, 5, 4, 3, 2, 1)]: 4
[(11, 11, 11, 11, 11, 11, 11, 11, 11, 10, 9, 8, 7, 6, 5, 4, 3, 2, 1)]: 1
[(12, 12, 12, 12, 12, 12, 12, 12, 11, 10, 9, 8, 7, 6, 5, 4, 3, 2, 1)]: 4
[(13, 13, 13, 13, 13, 13, 13, 12, 11, 10, 9, 8, 7, 6, 5, 4, 3, 2, 1)]: 1
[(14, 14, 14, 14, 14, 14, 13, 12, 11, 10, 9, 8, 7, 6, 5, 4, 3, 2, 1)]: 4
[(15, 15, 15, 15, 15, 14, 13, 12, 11, 10, 9, 8, 7, 6, 5, 4, 3, 2, 1)]: 1
[(16, 16, 16, 16, 15, 14, 13, 12, 11, 10, 9, 8, 7, 6, 5, 4, 3, 2, 1)]: 4
[(17, 17, 17, 16, 15, 14, 13, 12, 11, 10, 9, 8, 7, 6, 5, 4, 3, 2, 1)]: 1
[(18, 18, 17, 16, 15, 14, 13, 12, 11, 10, 9, 8, 7, 6, 5, 4, 3, 2, 1)]: 4
[(19, 18, 17, 16, 15, 14, 13, 12, 11, 10, 9, 8, 7, 6, 5, 4, 3, 2, 1)]: 1
[(20,)]: 2
[(19, 19)]: 2
[(20, 19)]: 0
[(18, 18, 18)]: 2
[(19, 19, 18)]: 5
[(20, 19, 18)]: 2
[(17, 17, 17, 17)]: 2
[(18, 18, 18, 17)]: 0
[(19, 19, 18, 17)]: 2
[(20, 19, 18, 17)]: 0
[(16, 16, 16, 16, 16)]: 2
[(17, 17, 17, 17, 16)]: 5
[(18, 18, 18, 17, 16)]: 2
[(19, 19, 18, 17, 16)]: 5
[(20, 19, 18, 17, 16)]: 2
[(15, 15, 15, 15, 15, 15)]: 2
[(16, 16, 16, 16, 16, 15)]: 0
[(17, 17, 17, 17, 16, 15)]: 2
[(18, 18, 18, 17, 16, 15)]: 0
[(19, 19, 18, 17, 16, 15)]: 2
[(20, 19, 18, 17, 16, 15)]: 0
[(14, 14, 14, 14, 14, 14, 14)]: 2
[(15, 15, 15, 15, 15, 15, 14)]: 1
[(16, 16, 16, 16, 16, 15, 14)]: 2
[(17, 17, 17, 17, 16, 15, 14)]: 5
[(18, 18, 18, 17, 16, 15, 14)]: 2
[(19, 19, 18, 17, 16, 15, 14)]: 5
[(20, 19, 18, 17, 16, 15, 14)]: 2
[(13, 13, 13, 13, 13, 13, 13, 13)]: 2
[(14, 14, 14, 14, 14, 14, 14, 13)]: 0
[(15, 15, 15, 15, 15, 15, 14, 13)]: 2
[(16, 16, 16, 16, 16, 15, 14, 13)]: 0
[(17, 17, 17, 17, 16, 15, 14, 13)]: 2
[(18, 18, 18, 17, 16, 15, 14, 13)]: 0
[(19, 19, 18, 17, 16, 15, 14, 13)]: 2
[(20, 19, 18, 17, 16, 15, 14, 13)]: 0
[(12, 12, 12, 12, 12, 12, 12, 12, 12)]: 2
[(13, 13, 13, 13, 13, 13, 13, 13, 12)]: 1
[(14, 14, 14, 14, 14, 14, 14, 13, 12)]: 2
[(15, 15, 15, 15, 15, 15, 14, 13, 12)]: 1
[(16, 16, 16, 16, 16, 15, 14, 13, 12)]: 2
[(17, 17, 17, 17, 16, 15, 14, 13, 12)]: 5
[(18, 18, 18, 17, 16, 15, 14, 13, 12)]: 2
[(19, 19, 18, 17, 16, 15, 14, 13, 12)]: 5
[(20, 19, 18, 17, 16, 15, 14, 13, 12)]: 2
[(11, 11, 11, 11, 11, 11, 11, 11, 11, 11)]: 2
[(12, 12, 12, 12, 12, 12, 12, 12, 12, 11)]: 0
[(13, 13, 13, 13, 13, 13, 13, 13, 12, 11)]: 2
[(14, 14, 14, 14, 14, 14, 14, 13, 12, 11)]: 0
[(15, 15, 15, 15, 15, 15, 14, 13, 12, 11)]: 2
[(16, 16, 16, 16, 16, 15, 14, 13, 12, 11)]: 0
[(17, 17, 17, 17, 16, 15, 14, 13, 12, 11)]: 2
[(18, 18, 18, 17, 16, 15, 14, 13, 12, 11)]: 0
[(19, 19, 18, 17, 16, 15, 14, 13, 12, 11)]: 2
[(20, 19, 18, 17, 16, 15, 14, 13, 12, 11)]: 0
[(10, 10, 10, 10, 10, 10, 10, 10, 10, 10, 10)]: 2
[(11, 11, 11, 11, 11, 11, 11, 11, 11, 11, 10)]: 1
[(12, 12, 12, 12, 12, 12, 12, 12, 12, 11, 10)]: 2
[(13, 13, 13, 13, 13, 13, 13, 13, 12, 11, 10)]: 1
[(14, 14, 14, 14, 14, 14, 14, 13, 12, 11, 10)]: 2
[(15, 15, 15, 15, 15, 15, 14, 13, 12, 11, 10)]: 1
[(16, 16, 16, 16, 16, 15, 14, 13, 12, 11, 10)]: 2
[(17, 17, 17, 17, 16, 15, 14, 13, 12, 11, 10)]: 5
[(18, 18, 18, 17, 16, 15, 14, 13, 12, 11, 10)]: 2
[(19, 19, 18, 17, 16, 15, 14, 13, 12, 11, 10)]: 5
[(20, 19, 18, 17, 16, 15, 14, 13, 12, 11, 10)]: 2
[(9, 9, 9, 9, 9, 9, 9, 9, 9, 9, 9, 9)]: 2
[(10, 10, 10, 10, 10, 10, 10, 10, 10, 10, 10, 9)]: 0
[(11, 11, 11, 11, 11, 11, 11, 11, 11, 11, 10, 9)]: 2
[(12, 12, 12, 12, 12, 12, 12, 12, 12, 11, 10, 9)]: 0
[(13, 13, 13, 13, 13, 13, 13, 13, 12, 11, 10, 9)]: 2
[(14, 14, 14, 14, 14, 14, 14, 13, 12, 11, 10, 9)]: 0
[(15, 15, 15, 15, 15, 15, 14, 13, 12, 11, 10, 9)]: 2
[(16, 16, 16, 16, 16, 15, 14, 13, 12, 11, 10, 9)]: 0
[(17, 17, 17, 17, 16, 15, 14, 13, 12, 11, 10, 9)]: 2
[(18, 18, 18, 17, 16, 15, 14, 13, 12, 11, 10, 9)]: 0
[(19, 19, 18, 17, 16, 15, 14, 13, 12, 11, 10, 9)]: 2
[(20, 19, 18, 17, 16, 15, 14, 13, 12, 11, 10, 9)]: 0
[(8, 8, 8, 8, 8, 8, 8, 8, 8, 8, 8, 8, 8)]: 2
[(9, 9, 9, 9, 9, 9, 9, 9, 9, 9, 9, 9, 8)]: 1
[(10, 10, 10, 10, 10, 10, 10, 10, 10, 10, 10, 9, 8)]: 2
[(11, 11, 11, 11, 11, 11, 11, 11, 11, 11, 10, 9, 8)]: 1
[(12, 12, 12, 12, 12, 12, 12, 12, 12, 11, 10, 9, 8)]: 2
[(13, 13, 13, 13, 13, 13, 13, 13, 12, 11, 10, 9, 8)]: 1
[(14, 14, 14, 14, 14, 14, 14, 13, 12, 11, 10, 9, 8)]: 2
[(15, 15, 15, 15, 15, 15, 14, 13, 12, 11, 10, 9, 8)]: 1
[(16, 16, 16, 16, 16, 15, 14, 13, 12, 11, 10, 9, 8)]: 2
[(17, 17, 17, 17, 16, 15, 14, 13, 12, 11, 10, 9, 8)]: 5
[(18, 18, 18, 17, 16, 15, 14, 13, 12, 11, 10, 9, 8)]: 2
[(19, 19, 18, 17, 16, 15, 14, 13, 12, 11, 10, 9, 8)]: 5
[(20, 19, 18, 17, 16, 15, 14, 13, 12, 11, 10, 9, 8)]: 2
[(7, 7, 7, 7, 7, 7, 7, 7, 7, 7, 7, 7, 7, 7)]: 2
[(8, 8, 8, 8, 8, 8, 8, 8, 8, 8, 8, 8, 8, 7)]: 0
[(9, 9, 9, 9, 9, 9, 9, 9, 9, 9, 9, 9, 8, 7)]: 2
[(10, 10, 10, 10, 10, 10, 10, 10, 10, 10, 10, 9, 8, 7)]: 0
[(11, 11, 11, 11, 11, 11, 11, 11, 11, 11, 10, 9, 8, 7)]: 2
[(12, 12, 12, 12, 12, 12, 12, 12, 12, 11, 10, 9, 8, 7)]: 0
[(13, 13, 13, 13, 13, 13, 13, 13, 12, 11, 10, 9, 8, 7)]: 2
[(14, 14, 14, 14, 14, 14, 14, 13, 12, 11, 10, 9, 8, 7)]: 0
[(15, 15, 15, 15, 15, 15, 14, 13, 12, 11, 10, 9, 8, 7)]: 2
[(16, 16, 16, 16, 16, 15, 14, 13, 12, 11, 10, 9, 8, 7)]: 0
[(17, 17, 17, 17, 16, 15, 14, 13, 12, 11, 10, 9, 8, 7)]: 2
[(18, 18, 18, 17, 16, 15, 14, 13, 12, 11, 10, 9, 8, 7)]: 0
[(19, 19, 18, 17, 16, 15, 14, 13, 12, 11, 10, 9, 8, 7)]: 2
[(20, 19, 18, 17, 16, 15, 14, 13, 12, 11, 10, 9, 8, 7)]: 0
[(6, 6, 6, 6, 6, 6, 6, 6, 6, 6, 6, 6, 6, 6, 6)]: 2
[(7, 7, 7, 7, 7, 7, 7, 7, 7, 7, 7, 7, 7, 7, 6)]: 1
[(8, 8, 8, 8, 8, 8, 8, 8, 8, 8, 8, 8, 8, 7, 6)]: 2
[(9, 9, 9, 9, 9, 9, 9, 9, 9, 9, 9, 9, 8, 7, 6)]: 1
[(10, 10, 10, 10, 10, 10, 10, 10, 10, 10, 10, 9, 8, 7, 6)]: 2
[(11, 11, 11, 11, 11, 11, 11, 11, 11, 11, 10, 9, 8, 7, 6)]: 1
[(12, 12, 12, 12, 12, 12, 12, 12, 12, 11, 10, 9, 8, 7, 6)]: 2
[(13, 13, 13, 13, 13, 13, 13, 13, 12, 11, 10, 9, 8, 7, 6)]: 1
[(14, 14, 14, 14, 14, 14, 14, 13, 12, 11, 10, 9, 8, 7, 6)]: 2
[(15, 15, 15, 15, 15, 15, 14, 13, 12, 11, 10, 9, 8, 7, 6)]: 1
[(16, 16, 16, 16, 16, 15, 14, 13, 12, 11, 10, 9, 8, 7, 6)]: 2
[(17, 17, 17, 17, 16, 15, 14, 13, 12, 11, 10, 9, 8, 7, 6)]: 5
[(18, 18, 18, 17, 16, 15, 14, 13, 12, 11, 10, 9, 8, 7, 6)]: 2
[(19, 19, 18, 17, 16, 15, 14, 13, 12, 11, 10, 9, 8, 7, 6)]: 5
[(20, 19, 18, 17, 16, 15, 14, 13, 12, 11, 10, 9, 8, 7, 6)]: 2
[(5, 5, 5, 5, 5, 5, 5, 5, 5, 5, 5, 5, 5, 5, 5, 5)]: 2
[(6, 6, 6, 6, 6, 6, 6, 6, 6, 6, 6, 6, 6, 6, 6, 5)]: 0
[(7, 7, 7, 7, 7, 7, 7, 7, 7, 7, 7, 7, 7, 7, 6, 5)]: 2
[(8, 8, 8, 8, 8, 8, 8, 8, 8, 8, 8, 8, 8, 7, 6, 5)]: 0
[(9, 9, 9, 9, 9, 9, 9, 9, 9, 9, 9, 9, 8, 7, 6, 5)]: 2
[(10, 10, 10, 10, 10, 10, 10, 10, 10, 10, 10, 9, 8, 7, 6, 5)]: 0
[(11, 11, 11, 11, 11, 11, 11, 11, 11, 11, 10, 9, 8, 7, 6, 5)]: 2
[(12, 12, 12, 12, 12, 12, 12, 12, 12, 11, 10, 9, 8, 7, 6, 5)]: 0
[(13, 13, 13, 13, 13, 13, 13, 13, 12, 11, 10, 9, 8, 7, 6, 5)]: 2
[(14, 14, 14, 14, 14, 14, 14, 13, 12, 11, 10, 9, 8, 7, 6, 5)]: 0
[(15, 15, 15, 15, 15, 15, 14, 13, 12, 11, 10, 9, 8, 7, 6, 5)]: 2
[(16, 16, 16, 16, 16, 15, 14, 13, 12, 11, 10, 9, 8, 7, 6, 5)]: 0
[(17, 17, 17, 17, 16, 15, 14, 13, 12, 11, 10, 9, 8, 7, 6, 5)]: 2
[(18, 18, 18, 17, 16, 15, 14, 13, 12, 11, 10, 9, 8, 7, 6, 5)]: 0
[(19, 19, 18, 17, 16, 15, 14, 13, 12, 11, 10, 9, 8, 7, 6, 5)]: 2
[(20, 19, 18, 17, 16, 15, 14, 13, 12, 11, 10, 9, 8, 7, 6, 5)]: 0
[(4, 4, 4, 4, 4, 4, 4, 4, 4, 4, 4, 4, 4, 4, 4, 4, 4)]: 2
[(5, 5, 5, 5, 5, 5, 5, 5, 5, 5, 5, 5, 5, 5, 5, 5, 4)]: 5
[(6, 6, 6, 6, 6, 6, 6, 6, 6, 6, 6, 6, 6, 6, 6, 5, 4)]: 2
[(7, 7, 7, 7, 7, 7, 7, 7, 7, 7, 7, 7, 7, 7, 6, 5, 4)]: 5
[(8, 8, 8, 8, 8, 8, 8, 8, 8, 8, 8, 8, 8, 7, 6, 5, 4)]: 2
[(9, 9, 9, 9, 9, 9, 9, 9, 9, 9, 9, 9, 8, 7, 6, 5, 4)]: 5
[(10, 10, 10, 10, 10, 10, 10, 10, 10, 10, 10, 9, 8, 7, 6, 5, 4)]: 2
[(11, 11, 11, 11, 11, 11, 11, 11, 11, 11, 10, 9, 8, 7, 6, 5, 4)]: 5
[(12, 12, 12, 12, 12, 12, 12, 12, 12, 11, 10, 9, 8, 7, 6, 5, 4)]: 2
[(13, 13, 13, 13, 13, 13, 13, 13, 12, 11, 10, 9, 8, 7, 6, 5, 4)]: 5
[(14, 14, 14, 14, 14, 14, 14, 13, 12, 11, 10, 9, 8, 7, 6, 5, 4)]: 2
[(15, 15, 15, 15, 15, 15, 14, 13, 12, 11, 10, 9, 8, 7, 6, 5, 4)]: 5
[(16, 16, 16, 16, 16, 15, 14, 13, 12, 11, 10, 9, 8, 7, 6, 5, 4)]: 2
[(17, 17, 17, 17, 16, 15, 14, 13, 12, 11, 10, 9, 8, 7, 6, 5, 4)]: 0
[(18, 18, 18, 17, 16, 15, 14, 13, 12, 11, 10, 9, 8, 7, 6, 5, 4)]: 2
[(19, 19, 18, 17, 16, 15, 14, 13, 12, 11, 10, 9, 8, 7, 6, 5, 4)]: 0
[(20, 19, 18, 17, 16, 15, 14, 13, 12, 11, 10, 9, 8, 7, 6, 5, 4)]: 2
[(3, 3, 3, 3, 3, 3, 3, 3, 3, 3, 3, 3, 3, 3, 3, 3, 3, 3)]: 2
[(4, 4, 4, 4, 4, 4, 4, 4, 4, 4, 4, 4, 4, 4, 4, 4, 4, 3)]: 0
[(5, 5, 5, 5, 5, 5, 5, 5, 5, 5, 5, 5, 5, 5, 5, 5, 4, 3)]: 2
[(6, 6, 6, 6, 6, 6, 6, 6, 6, 6, 6, 6, 6, 6, 6, 5, 4, 3)]: 0
[(7, 7, 7, 7, 7, 7, 7, 7, 7, 7, 7, 7, 7, 7, 6, 5, 4, 3)]: 2
[(8, 8, 8, 8, 8, 8, 8, 8, 8, 8, 8, 8, 8, 7, 6, 5, 4, 3)]: 0
[(9, 9, 9, 9, 9, 9, 9, 9, 9, 9, 9, 9, 8, 7, 6, 5, 4, 3)]: 2
[(10, 10, 10, 10, 10, 10, 10, 10, 10, 10, 10, 9, 8, 7, 6, 5, 4, 3)]: 0
[(11, 11, 11, 11, 11, 11, 11, 11, 11, 11, 10, 9, 8, 7, 6, 5, 4, 3)]: 2
[(12, 12, 12, 12, 12, 12, 12, 12, 12, 11, 10, 9, 8, 7, 6, 5, 4, 3)]: 0
[(13, 13, 13, 13, 13, 13, 13, 13, 12, 11, 10, 9, 8, 7, 6, 5, 4, 3)]: 2
[(14, 14, 14, 14, 14, 14, 14, 13, 12, 11, 10, 9, 8, 7, 6, 5, 4, 3)]: 0
[(15, 15, 15, 15, 15, 15, 14, 13, 12, 11, 10, 9, 8, 7, 6, 5, 4, 3)]: 2
[(16, 16, 16, 16, 16, 15, 14, 13, 12, 11, 10, 9, 8, 7, 6, 5, 4, 3)]: 0
[(17, 17, 17, 17, 16, 15, 14, 13, 12, 11, 10, 9, 8, 7, 6, 5, 4, 3)]: 2
[(18, 18, 18, 17, 16, 15, 14, 13, 12, 11, 10, 9, 8, 7, 6, 5, 4, 3)]: 0
[(19, 19, 18, 17, 16, 15, 14, 13, 12, 11, 10, 9, 8, 7, 6, 5, 4, 3)]: 2
[(20, 19, 18, 17, 16, 15, 14, 13, 12, 11, 10, 9, 8, 7, 6, 5, 4, 3)]: 0
[(2, 2, 2, 2, 2, 2, 2, 2, 2, 2, 2, 2, 2, 2, 2, 2, 2, 2, 2)]: 2
[(3, 3, 3, 3, 3, 3, 3, 3, 3, 3, 3, 3, 3, 3, 3, 3, 3, 3, 2)]: 5
[(4, 4, 4, 4, 4, 4, 4, 4, 4, 4, 4, 4, 4, 4, 4, 4, 4, 3, 2)]: 2
[(5, 5, 5, 5, 5, 5, 5, 5, 5, 5, 5, 5, 5, 5, 5, 5, 4, 3, 2)]: 5
[(6, 6, 6, 6, 6, 6, 6, 6, 6, 6, 6, 6, 6, 6, 6, 5, 4, 3, 2)]: 2
[(7, 7, 7, 7, 7, 7, 7, 7, 7, 7, 7, 7, 7, 7, 6, 5, 4, 3, 2)]: 5
[(8, 8, 8, 8, 8, 8, 8, 8, 8, 8, 8, 8, 8, 7, 6, 5, 4, 3, 2)]: 2
[(9, 9, 9, 9, 9, 9, 9, 9, 9, 9, 9, 9, 8, 7, 6, 5, 4, 3, 2)]: 5
[(10, 10, 10, 10, 10, 10, 10, 10, 10, 10, 10, 9, 8, 7, 6, 5, 4, 3, 2)]: 2
[(11, 11, 11, 11, 11, 11, 11, 11, 11, 11, 10, 9, 8, 7, 6, 5, 4, 3, 2)]: 5
[(12, 12, 12, 12, 12, 12, 12, 12, 12, 11, 10, 9, 8, 7, 6, 5, 4, 3, 2)]: 2
[(13, 13, 13, 13, 13, 13, 13, 13, 12, 11, 10, 9, 8, 7, 6, 5, 4, 3, 2)]: 5
[(14, 14, 14, 14, 14, 14, 14, 13, 12, 11, 10, 9, 8, 7, 6, 5, 4, 3, 2)]: 2
[(15, 15, 15, 15, 15, 15, 14, 13, 12, 11, 10, 9, 8, 7, 6, 5, 4, 3, 2)]: 5
[(16, 16, 16, 16, 16, 15, 14, 13, 12, 11, 10, 9, 8, 7, 6, 5, 4, 3, 2)]: 2
[(17, 17, 17, 17, 16, 15, 14, 13, 12, 11, 10, 9, 8, 7, 6, 5, 4, 3, 2)]: 0
[(18, 18, 18, 17, 16, 15, 14, 13, 12, 11, 10, 9, 8, 7, 6, 5, 4, 3, 2)]: 2
[(19, 19, 18, 17, 16, 15, 14, 13, 12, 11, 10, 9, 8, 7, 6, 5, 4, 3, 2)]: 0
[(20, 19, 18, 17, 16, 15, 14, 13, 12, 11, 10, 9, 8, 7, 6, 5, 4, 3, 2)]: 2
[(1, 1, 1, 1, 1, 1, 1, 1, 1, 1, 1, 1, 1, 1, 1, 1, 1, 1, 1, 1)]: 2
[(2, 2, 2, 2, 2, 2, 2, 2, 2, 2, 2, 2, 2, 2, 2, 2, 2, 2, 2, 1)]: 0
[(3, 3, 3, 3, 3, 3, 3, 3, 3, 3, 3, 3, 3, 3, 3, 3, 3, 3, 2, 1)]: 2
[(4, 4, 4, 4, 4, 4, 4, 4, 4, 4, 4, 4, 4, 4, 4, 4, 4, 3, 2, 1)]: 0
[(5, 5, 5, 5, 5, 5, 5, 5, 5, 5, 5, 5, 5, 5, 5, 5, 4, 3, 2, 1)]: 2
[(6, 6, 6, 6, 6, 6, 6, 6, 6, 6, 6, 6, 6, 6, 6, 5, 4, 3, 2, 1)]: 0
[(7, 7, 7, 7, 7, 7, 7, 7, 7, 7, 7, 7, 7, 7, 6, 5, 4, 3, 2, 1)]: 2
[(8, 8, 8, 8, 8, 8, 8, 8, 8, 8, 8, 8, 8, 7, 6, 5, 4, 3, 2, 1)]: 0
[(9, 9, 9, 9, 9, 9, 9, 9, 9, 9, 9, 9, 8, 7, 6, 5, 4, 3, 2, 1)]: 2
[(10, 10, 10, 10, 10, 10, 10, 10, 10, 10, 10, 9, 8, 7, 6, 5, 4, 3, 2, 1)]: 0
[(11, 11, 11, 11, 11, 11, 11, 11, 11, 11, 10, 9, 8, 7, 6, 5, 4, 3, 2, 1)]: 2
[(12, 12, 12, 12, 12, 12, 12, 12, 12, 11, 10, 9, 8, 7, 6, 5, 4, 3, 2, 1)]: 0
[(13, 13, 13, 13, 13, 13, 13, 13, 12, 11, 10, 9, 8, 7, 6, 5, 4, 3, 2, 1)]: 2
[(14, 14, 14, 14, 14, 14, 14, 13, 12, 11, 10, 9, 8, 7, 6, 5, 4, 3, 2, 1)]: 0
[(15, 15, 15, 15, 15, 15, 14, 13, 12, 11, 10, 9, 8, 7, 6, 5, 4, 3, 2, 1)]: 2
[(16, 16, 16, 16, 16, 15, 14, 13, 12, 11, 10, 9, 8, 7, 6, 5, 4, 3, 2, 1)]: 0
[(17, 17, 17, 17, 16, 15, 14, 13, 12, 11, 10, 9, 8, 7, 6, 5, 4, 3, 2, 1)]: 2
[(18, 18, 18, 17, 16, 15, 14, 13, 12, 11, 10, 9, 8, 7, 6, 5, 4, 3, 2, 1)]: 0
[(19, 19, 18, 17, 16, 15, 14, 13, 12, 11, 10, 9, 8, 7, 6, 5, 4, 3, 2, 1)]: 2
[(20, 19, 18, 17, 16, 15, 14, 13, 12, 11, 10, 9, 8, 7, 6, 5, 4, 3, 2, 1)]: 0
