[]: 0
[(1,)]: 1
[(1, 1)]: 2
[(1, 1, 1)]: 1
[(1, 1, 1, 1)]: 2
[(1, 1, 1, 1, 1)]: 1
[(1, 1, 1, 1, 1, 1)]: 2
[(1, 1, 1, 1, 1, 1, 1)]: 1
[(1, 1, 1, 1, 1, 1, 1, 1)]: 2
[(1, 1, 1, 1, 1, 1, 1, 1, 1)]: 1
[(1, 1, 1, 1, 1, 1, 1, 1, 1, 1)]: 2
[(2,)]: 2
[(2, 2)]: 0
[(2, 2, 2)]: 2
[(2, 2, 2, 2)]: 0
[(2, 2, 2, 2, 2)]: 2
[(2, 2, 2, 2, 2, 2)]: 0
[(2, 2, 2, 2, 2, 2, 2)]: 2
[(2, 2, 2, 2, 2, 2, 2, 2)]: 0
[(2, 2, 2, 2, 2, 2, 2, 2, 2)]: 2
[(2, 2, 2, 2, 2, 2, 2, 2, 2, 2)]: 0
[(3,)]: 1
[(3, 3)]: 2
[(3, 3, 3)]: 1
[(3, 3, 3, 3)]: 2
[(3, 3, 3, 3, 3)]: 1
[(3, 3, 3, 3, 3, 3)]: 2
[(3, 3, 3, 3, 3, 3, 3)]: 1
[(3, 3, 3, 3, 3, 3, 3, 3)]: 2
[(3, 3, 3, 3, 3, 3, 3, 3, 3)]: 1
[(3, 3, 3, 3, 3, 3, 3, 3, 3, 3)]: 2
[(4,)]: 2
[(4, 4)]: 0
[(4, 4, 4)]: 2
[(4, 4, 4, 4)]: 0
[(4, 4, 4, 4, 4)]: 2
[(4, 4, 4, 4, 4, 4)]: 0
[(4, 4, 4, 4, 4, 4, 4)]: 2
[(4, 4, 4, 4, 4, 4, 4, 4)]: 0
[(4, 4, 4, 4, 4, 4, 4, 4, 4)]: 2
[(4, 4, 4, 4, 4, 4, 4, 4, 4, 4)]: 0
[(5,)]: 1
[(5, 5)]: 2
[(5, 5, 5)]: 1
[(5, 5, 5, 5)]: 2
[(5, 5, 5, 5, 5)]: 1
[(5, 5, 5, 5, 5, 5)]: 2
[(5, 5, 5, 5, 5, 5, 5)]: 1
[(5, 5, 5, 5, 5, 5, 5, 5)]: 2
[(5, 5, 5, 5, 5, 5, 5, 5, 5)]: 1
[(5, 5, 5, 5, 5, 5, 5, 5, 5, 5)]: 2
[(6,)]: 2
[(6, 6)]: 0
[(6, 6, 6)]: 2
[(6, 6, 6, 6)]: 0
[(6, 6, 6, 6, 6)]: 2
[(6, 6, 6, 6, 6, 6)]: 0
[(6, 6, 6, 6, 6, 6, 6)]: 2
[(6, 6, 6, 6, 6, 6, 6, 6)]: 0
[(6, 6, 6, 6, 6, 6, 6, 6, 6)]: 2
[(6, 6, 6, 6, 6, 6, 6, 6, 6, 6)]: 0
[(7,)]: 1
[(7, 7)]: 2
[(7, 7, 7)]: 1
[(7, 7, 7, 7)]: 2
[(7, 7, 7, 7, 7)]: 1
[(7, 7, 7, 7, 7, 7)]: 2
[(7, 7, 7, 7, 7, 7, 7)]: 1
[(7, 7, 7, 7, 7, 7, 7, 7)]: 2
[(7, 7, 7, 7, 7, 7, 7, 7, 7)]: 1
[(7, 7, 7, 7, 7, 7, 7, 7, 7, 7)]: 2
[(8,)]: 2
[(8, 8)]: 0
[(8, 8, 8)]: 2
[(8, 8, 8, 8)]: 0
[(8, 8, 8, 8, 8)]: 2
[(8, 8, 8, 8, 8, 8)]: 0
[(8, 8, 8, 8, 8, 8, 8)]: 2
[(8, 8, 8, 8, 8, 8, 8, 8)]: 0
[(8, 8, 8, 8, 8, 8, 8, 8, 8)]: 2
[(8, 8, 8, 8, 8, 8, 8, 8, 8, 8)]: 0
[(9,)]: 1
[(9, 9)]: 2
[(9, 9, 9)]: 1
[(9, 9, 9, 9)]: 2
[(9, 9, 9, 9, 9)]: 1
[(9, 9, 9, 9, 9, 9)]: 2
[(9, 9, 9, 9, 9, 9, 9)]: 1
[(9, 9, 9, 9, 9, 9, 9, 9)]: 2
[(9, 9, 9, 9, 9, 9, 9, 9, 9)]: 1
[(9, 9, 9, 9, 9, 9, 9, 9, 9, 9)]: 2
[(10,)]: 2
[(10, 10)]: 0
[(10, 10, 10)]: 2
[(10, 10, 10, 10)]: 0
[(10, 10, 10, 10, 10)]: 2
[(10, 10, 10, 10, 10, 10)]: 0
[(10, 10, 10, 10, 10, 10, 10)]: 2
[(10, 10, 10, 10, 10, 10, 10, 10)]: 0
[(10, 10, 10, 10, 10, 10, 10, 10, 10)]: 2
[(10, 10, 10, 10, 10, 10, 10, 10, 10, 10)]: 0
