[]: 0
[(1,)]: 1
[(2,)]: 2
[(3,)]: 1
[(4,)]: 2
[(5,)]: 1
[(6,)]: 2
[(7,)]: 1
[(8,)]: 2
[(9,)]: 1
[(10,)]: 2
[(11,)]: 1
[(12,)]: 2
[(13,)]: 1
[(14,)]: 2
[(15,)]: 1
[(16,)]: 2
[(17,)]: 1
[(18,)]: 2
[(19,)]: 1
[(20,)]: 2
[(1, 1)]: 2
[(2, 2)]: 0
[(3, 3)]: 2
[(4, 4)]: 0
[(5, 5)]: 2
[(6, 6)]: 0
[(7, 7)]: 2
[(8, 8)]: 0
[(9, 9)]: 2
[(10, 10)]: 0
[(11, 11)]: 2
[(12, 12)]: 0
[(13, 13)]: 2
[(14, 14)]: 0
[(15, 15)]: 2
[(16, 16)]: 0
[(17, 17)]: 2
[(18, 18)]: 0
[(19, 19)]: 2
[(20, 20)]: 0
[(1, 1, 1)]: 1
[(2, 2, 2)]: 2
[(3, 3, 3)]: 1
[(4, 4, 4)]: 2
[(5, 5, 5)]: 1
[(6, 6, 6)]: 2
[(7, 7, 7)]: 1
[(8, 8, 8)]: 2
[(9, 9, 9)]: 1
[(10, 10, 10)]: 2
[(11, 11, 11)]: 1
[(12, 12, 12)]: 2
[(13, 13, 13)]: 1
[(14, 14, 14)]: 2
[(15, 15, 15)]: 1
[(16, 16, 16)]: 2
[(17, 17, 17)]: 1
[(18, 18, 18)]: 2
[(19, 19, 19)]: 1
[(20, 20, 20)]: 2
[(1, 1, 1, 1)]: 2
[(2, 2, 2, 2)]: 0
[(3, 3, 3, 3)]: 2
[(4, 4, 4, 4)]: 0
[(5, 5, 5, 5)]: 2
[(6, 6, 6, 6)]: 0
[(7, 7, 7, 7)]: 2
[(8, 8, 8, 8)]: 0
[(9, 9, 9, 9)]: 2
[(10, 10, 10, 10)]: 0
[(11, 11, 11, 11)]: 2
[(12, 12, 12, 12)]: 0
[(13, 13, 13, 13)]: 2
[(14, 14, 14, 14)]: 0
[(15, 15, 15, 15)]: 2
[(16, 16, 16, 16)]: 0
[(17, 17, 17, 17)]: 2
[(18, 18, 18, 18)]: 0
[(19, 19, 19, 19)]: 2
[(20, 20, 20, 20)]: 0
[(1, 1, 1, 1, 1)]: 1
[(2, 2, 2, 2, 2)]: 2
[(3, 3, 3, 3, 3)]: 1
[(4, 4, 4, 4, 4)]: 2
[(5, 5, 5, 5, 5)]: 1
[(6, 6, 6, 6, 6)]: 2
[(7, 7, 7, 7, 7)]: 1
[(8, 8, 8, 8, 8)]: 2
[(9, 9, 9, 9, 9)]: 1
[(10, 10, 10, 10, 10)]: 2
[(11, 11, 11, 11, 11)]: 1
[(12, 12, 12, 12, 12)]: 2
[(13, 13, 13, 13, 13)]: 1
[(14, 14, 14, 14, 14)]: 2
[(15, 15, 15, 15, 15)]: 1
[(16, 16, 16, 16, 16)]: 2
[(17, 17, 17, 17, 17)]: 1
[(18, 18, 18, 18, 18)]: 2
[(19, 19, 19, 19, 19)]: 1
[(20, 20, 20, 20, 20)]: 2
[(1, 1, 1, 1, 1, 1)]: 2
[(2, 2, 2, 2, 2, 2)]: 0
[(3, 3, 3, 3, 3, 3)]: 2
[(4, 4, 4, 4, 4, 4)]: 0
[(5, 5, 5, 5, 5, 5)]: 2
[(6, 6, 6, 6, 6, 6)]: 0
[(7, 7, 7, 7, 7, 7)]: 2
[(8, 8, 8, 8, 8, 8)]: 0
[(9, 9, 9, 9, 9, 9)]: 2
[(10, 10, 10, 10, 10, 10)]: 0
[(11, 11, 11, 11, 11, 11)]: 2
[(12, 12, 12, 12, 12, 12)]: 0
[(13, 13, 13, 13, 13, 13)]: 2
[(14, 14, 14, 14, 14, 14)]: 0
[(15, 15, 15, 15, 15, 15)]: 2
[(16, 16, 16, 16, 16, 16)]: 0
[(17, 17, 17, 17, 17, 17)]: 2
[(18, 18, 18, 18, 18, 18)]: 0
[(19, 19, 19, 19, 19, 19)]: 2
[(20, 20, 20, 20, 20, 20)]: 0
[(1, 1, 1, 1, 1, 1, 1)]: 1
[(2, 2, 2, 2, 2, 2, 2)]: 2
[(3, 3, 3, 3, 3, 3, 3)]: 1
[(4, 4, 4, 4, 4, 4, 4)]: 2
[(5, 5, 5, 5, 5, 5, 5)]: 1
[(6, 6, 6, 6, 6, 6, 6)]: 2
[(7, 7, 7, 7, 7, 7, 7)]: 1
[(8, 8, 8, 8, 8, 8, 8)]: 2
[(9, 9, 9, 9, 9, 9, 9)]: 1
[(10, 10, 10, 10, 10, 10, 10)]: 2
[(11, 11, 11, 11, 11, 11, 11)]: 1
[(12, 12, 12, 12, 12, 12, 12)]: 2
[(13, 13, 13, 13, 13, 13, 13)]: 1
[(14, 14, 14, 14, 14, 14, 14)]: 2
[(15, 15, 15, 15, 15, 15, 15)]: 1
[(16, 16, 16, 16, 16, 16, 16)]: 2
[(17, 17, 17, 17, 17, 17, 17)]: 1
[(18, 18, 18, 18, 18, 18, 18)]: 2
[(19, 19, 19, 19, 19, 19, 19)]: 1
[(20, 20, 20, 20, 20, 20, 20)]: 2
[(1, 1, 1, 1, 1, 1, 1, 1)]: 2
[(2, 2, 2, 2, 2, 2, 2, 2)]: 0
[(3, 3, 3, 3, 3, 3, 3, 3)]: 2
[(4, 4, 4, 4, 4, 4, 4, 4)]: 0
[(5, 5, 5, 5, 5, 5, 5, 5)]: 2
[(6, 6, 6, 6, 6, 6, 6, 6)]: 0
[(7, 7, 7, 7, 7, 7, 7, 7)]: 2
[(8, 8, 8, 8, 8, 8, 8, 8)]: 0
[(9, 9, 9, 9, 9, 9, 9, 9)]: 2
[(10, 10, 10, 10, 10, 10, 10, 10)]: 0
[(11, 11, 11, 11, 11, 11, 11, 11)]: 2
[(12, 12, 12, 12, 12, 12, 12, 12)]: 0
[(13, 13, 13, 13, 13, 13, 13, 13)]: 2
[(14, 14, 14, 14, 14, 14, 14, 14)]: 0
[(15, 15, 15, 15, 15, 15, 15, 15)]: 2
[(16, 16, 16, 16, 16, 16, 16, 16)]: 0
[(17, 17, 17, 17, 17, 17, 17, 17)]: 2
[(18, 18, 18, 18, 18, 18, 18, 18)]: 0
[(19, 19, 19, 19, 19, 19, 19, 19)]: 2
[(20, 20, 20, 20, 20, 20, 20, 20)]: 0
[(1, 1, 1, 1, 1, 1, 1, 1, 1)]: 1
[(2, 2, 2, 2, 2, 2, 2, 2, 2)]: 2
[(3, 3, 3, 3, 3, 3, 3, 3, 3)]: 1
[(4, 4, 4, 4, 4, 4, 4, 4, 4)]: 2
[(5, 5, 5, 5, 5, 5, 5, 5, 5)]: 1
[(6, 6, 6, 6, 6, 6, 6, 6, 6)]: 2
[(7, 7, 7, 7, 7, 7, 7, 7, 7)]: 1
[(8, 8, 8, 8, 8, 8, 8, 8, 8)]: 2
[(9, 9, 9, 9, 9, 9, 9, 9, 9)]: 1
[(10, 10, 10, 10, 10, 10, 10, 10, 10)]: 2
[(11, 11, 11, 11, 11, 11, 11, 11, 11)]: 1
[(12, 12, 12, 12, 12, 12, 12, 12, 12)]: 2
[(13, 13, 13, 13, 13, 13, 13, 13, 13)]: 1
[(14, 14, 14, 14, 14, 14, 14, 14, 14)]: 2
[(15, 15, 15, 15, 15, 15, 15, 15, 15)]: 1
[(16, 16, 16, 16, 16, 16, 16, 16, 16)]: 2
[(17, 17, 17, 17, 17, 17, 17, 17, 17)]: 1
[(18, 18, 18, 18, 18, 18, 18, 18, 18)]: 2
[(19, 19, 19, 19, 19, 19, 19, 19, 19)]: 1
[(20, 20, 20, 20, 20, 20, 20, 20, 20)]: 2
[(1, 1, 1, 1, 1, 1, 1, 1, 1, 1)]: 2
[(2, 2, 2, 2, 2, 2, 2, 2, 2, 2)]: 0
[(3, 3, 3, 3, 3, 3, 3, 3, 3, 3)]: 2
[(4, 4, 4, 4, 4, 4, 4, 4, 4, 4)]: 0
[(5, 5, 5, 5, 5, 5, 5, 5, 5, 5)]: 2
[(6, 6, 6, 6, 6, 6, 6, 6, 6, 6)]: 0
[(7, 7, 7, 7, 7, 7, 7, 7, 7, 7)]: 2
[(8, 8, 8, 8, 8, 8, 8, 8, 8, 8)]: 0
[(9, 9, 9, 9, 9, 9, 9, 9, 9, 9)]: 2
[(10, 10, 10, 10, 10, 10, 10, 10, 10, 10)]: 0
[(11, 11, 11, 11, 11, 11, 11, 11, 11, 11)]: 2
[(12, 12, 12, 12, 12, 12, 12, 12, 12, 12)]: 0
[(13, 13, 13, 13, 13, 13, 13, 13, 13, 13)]: 2
[(14, 14, 14, 14, 14, 14, 14, 14, 14, 14)]: 0
[(15, 15, 15, 15, 15, 15, 15, 15, 15, 15)]: 2
[(16, 16, 16, 16, 16, 16, 16, 16, 16, 16)]: 0
[(17, 17, 17, 17, 17, 17, 17, 17, 17, 17)]: 2
[(18, 18, 18, 18, 18, 18, 18, 18, 18, 18)]: 0
[(19, 19, 19, 19, 19, 19, 19, 19, 19, 19)]: 2
[(20, 20, 20, 20, 20, 20, 20, 20, 20, 20)]: 0
[(1, 1, 1, 1, 1, 1, 1, 1, 1, 1, 1)]: 1
[(2, 2, 2, 2, 2, 2, 2, 2, 2, 2, 2)]: 2
[(3, 3, 3, 3, 3, 3, 3, 3, 3, 3, 3)]: 1
[(4, 4, 4, 4, 4, 4, 4, 4, 4, 4, 4)]: 2
[(5, 5, 5, 5, 5, 5, 5, 5, 5, 5, 5)]: 1
[(6, 6, 6, 6, 6, 6, 6, 6, 6, 6, 6)]: 2
[(7, 7, 7, 7, 7, 7, 7, 7, 7, 7, 7)]: 1
[(8, 8, 8, 8, 8, 8, 8, 8, 8, 8, 8)]: 2
[(9, 9, 9, 9, 9, 9, 9, 9, 9, 9, 9)]: 1
[(10, 10, 10, 10, 10, 10, 10, 10, 10, 10, 10)]: 2
[(11, 11, 11, 11, 11, 11, 11, 11, 11, 11, 11)]: 1
[(12, 12, 12, 12, 12, 12, 12, 12, 12, 12, 12)]: 2
[(13, 13, 13, 13, 13, 13, 13, 13, 13, 13, 13)]: 1
[(14, 14, 14, 14, 14, 14, 14, 14, 14, 14, 14)]: 2
[(15, 15, 15, 15, 15, 15, 15, 15, 15, 15, 15)]: 1
[(16, 16, 16, 16, 16, 16, 16, 16, 16, 16, 16)]: 2
[(17, 17, 17, 17, 17, 17, 17, 17, 17, 17, 17)]: 1
[(18, 18, 18, 18, 18, 18, 18, 18, 18, 18, 18)]: 2
[(19, 19, 19, 19, 19, 19, 19, 19, 19, 19, 19)]: 1
[(20, 20, 20, 20, 20, 20, 20, 20, 20, 20, 20)]: 2
[(1, 1, 1, 1, 1, 1, 1, 1, 1, 1, 1, 1)]: 2
[(2, 2, 2, 2, 2, 2, 2, 2, 2, 2, 2, 2)]: 0
[(3, 3, 3, 3, 3, 3, 3, 3, 3, 3, 3, 3)]: 2
[(4, 4, 4, 4, 4, 4, 4, 4, 4, 4, 4, 4)]: 0
[(5, 5, 5, 5, 5, 5, 5, 5, 5, 5, 5, 5)]: 2
[(6, 6, 6, 6, 6, 6, 6, 6, 6, 6, 6, 6)]: 0
[(7, 7, 7, 7, 7, 7, 7, 7, 7, 7, 7, 7)]: 2
[(8, 8, 8, 8, 8, 8, 8, 8, 8, 8, 8, 8)]: 0
[(9, 9, 9, 9, 9, 9, 9, 9, 9, 9, 9, 9)]: 2
[(10, 10, 10, 10, 10, 10, 10, 10, 10, 10, 10, 10)]: 0
[(11, 11, 11, 11, 11, 11, 11, 11, 11, 11, 11, 11)]: 2
[(12, 12, 12, 12, 12, 12, 12, 12, 12, 12, 12, 12)]: 0
[(13, 13, 13, 13, 13, 13, 13, 13, 13, 13, 13, 13)]: 2
[(14, 14, 14, 14, 14, 14, 14, 14, 14, 14, 14, 14)]: 0
[(15, 15, 15, 15, 15, 15, 15, 15, 15, 15, 15, 15)]: 2
[(16, 16, 16, 16, 16, 16, 16, 16, 16, 16, 16, 16)]: 0
[(17, 17, 17, 17, 17, 17, 17, 17, 17, 17, 17, 17)]: 2
[(18, 18, 18, 18, 18, 18, 18, 18, 18, 18, 18, 18)]: 0
[(19, 19, 19, 19, 19, 19, 19, 19, 19, 19, 19, 19)]: 2
[(20, 20, 20, 20, 20, 20, 20, 20, 20, 20, 20, 20)]: 0
[(1, 1, 1, 1, 1, 1, 1, 1, 1, 1, 1, 1, 1)]: 1
[(2, 2, 2, 2, 2, 2, 2, 2, 2, 2, 2, 2, 2)]: 2
[(3, 3, 3, 3, 3, 3, 3, 3, 3, 3, 3, 3, 3)]: 1
[(4, 4, 4, 4, 4, 4, 4, 4, 4, 4, 4, 4, 4)]: 2
[(5, 5, 5, 5, 5, 5, 5, 5, 5, 5, 5, 5, 5)]: 1
[(6, 6, 6, 6, 6, 6, 6, 6, 6, 6, 6, 6, 6)]: 2
[(7, 7, 7, 7, 7, 7, 7, 7, 7, 7, 7, 7, 7)]: 1
[(8, 8, 8, 8, 8, 8, 8, 8, 8, 8, 8, 8, 8)]: 2
[(9, 9, 9, 9, 9, 9, 9, 9, 9, 9, 9, 9, 9)]: 1
[(10, 10, 10, 10, 10, 10, 10, 10, 10, 10, 10, 10, 10)]: 2
[(11, 11, 11, 11, 11, 11, 11, 11, 11, 11, 11, 11, 11)]: 1
[(12, 12, 12, 12, 12, 12, 12, 12, 12, 12, 12, 12, 12)]: 2
[(13, 13, 13, 13, 13, 13, 13, 13, 13, 13, 13, 13, 13)]: 1
[(14, 14, 14, 14, 14, 14, 14, 14, 14, 14, 14, 14, 14)]: 2
[(15, 15, 15, 15, 15, 15, 15, 15, 15, 15, 15, 15, 15)]: 1
[(16, 16, 16, 16, 16, 16, 16, 16, 16, 16, 16, 16, 16)]: 2
[(17, 17, 17, 17, 17, 17, 17, 17, 17, 17, 17, 17, 17)]: 1
[(18, 18, 18, 18, 18, 18, 18, 18, 18, 18, 18, 18, 18)]: 2
[(19, 19, 19, 19, 19, 19, 19, 19, 19, 19, 19, 19, 19)]: 1
[(20, 20, 20, 20, 20, 20, 20, 20, 20, 20, 20, 20, 20)]: 2
[(1, 1, 1, 1, 1, 1, 1, 1, 1, 1, 1, 1, 1, 1)]: 2
[(2, 2, 2, 2, 2, 2, 2, 2, 2, 2, 2, 2, 2, 2)]: 0
[(3, 3, 3, 3, 3, 3, 3, 3, 3, 3, 3, 3, 3, 3)]: 2
[(4, 4, 4, 4, 4, 4, 4, 4, 4, 4, 4, 4, 4, 4)]: 0
[(5, 5, 5, 5, 5, 5, 5, 5, 5, 5, 5, 5, 5, 5)]: 2
[(6, 6, 6, 6, 6, 6, 6, 6, 6, 6, 6, 6, 6, 6)]: 0
[(7, 7, 7, 7, 7, 7, 7, 7, 7, 7, 7, 7, 7, 7)]: 2
[(8, 8, 8, 8, 8, 8, 8, 8, 8, 8, 8, 8, 8, 8)]: 0
[(9, 9, 9, 9, 9, 9, 9, 9, 9, 9, 9, 9, 9, 9)]: 2
[(10, 10, 10, 10, 10, 10, 10, 10, 10, 10, 10, 10, 10, 10)]: 0
[(11, 11, 11, 11, 11, 11, 11, 11, 11, 11, 11, 11, 11, 11)]: 2
[(12, 12, 12, 12, 12, 12, 12, 12, 12, 12, 12, 12, 12, 12)]: 0
[(13, 13, 13, 13, 13, 13, 13, 13, 13, 13, 13, 13, 13, 13)]: 2
[(14, 14, 14, 14, 14, 14, 14, 14, 14, 14, 14, 14, 14, 14)]: 0
[(15, 15, 15, 15, 15, 15, 15, 15, 15, 15, 15, 15, 15, 15)]: 2
[(16, 16, 16, 16, 16, 16, 16, 16, 16, 16, 16, 16, 16, 16)]: 0
[(17, 17, 17, 17, 17, 17, 17, 17, 17, 17, 17, 17, 17, 17)]: 2
[(18, 18, 18, 18, 18, 18, 18, 18, 18, 18, 18, 18, 18, 18)]: 0
[(19, 19, 19, 19, 19, 19, 19, 19, 19, 19, 19, 19, 19, 19)]: 2
[(20, 20, 20, 20, 20, 20, 20, 20, 20, 20, 20, 20, 20, 20)]: 0
[(1, 1, 1, 1, 1, 1, 1, 1, 1, 1, 1, 1, 1, 1, 1)]: 1
[(2, 2, 2, 2, 2, 2, 2, 2, 2, 2, 2, 2, 2, 2, 2)]: 2
[(3, 3, 3, 3, 3, 3, 3, 3, 3, 3, 3, 3, 3, 3, 3)]: 1
[(4, 4, 4, 4, 4, 4, 4, 4, 4, 4, 4, 4, 4, 4, 4)]: 2
[(5, 5, 5, 5, 5, 5, 5, 5, 5, 5, 5, 5, 5, 5, 5)]: 1
[(6, 6, 6, 6, 6, 6, 6, 6, 6, 6, 6, 6, 6, 6, 6)]: 2
[(7, 7, 7, 7, 7, 7, 7, 7, 7, 7, 7, 7, 7, 7, 7)]: 1
[(8, 8, 8, 8, 8, 8, 8, 8, 8, 8, 8, 8, 8, 8, 8)]: 2
[(9, 9, 9, 9, 9, 9, 9, 9, 9, 9, 9, 9, 9, 9, 9)]: 1
[(10, 10, 10, 10, 10, 10, 10, 10, 10, 10, 10, 10, 10, 10, 10)]: 2
[(11, 11, 11, 11, 11, 11, 11, 11, 11, 11, 11, 11, 11, 11, 11)]: 1
[(12, 12, 12, 12, 12, 12, 12, 12, 12, 12, 12, 12, 12, 12, 12)]: 2
[(13, 13, 13, 13, 13, 13, 13, 13, 13, 13, 13, 13, 13, 13, 13)]: 1
[(14, 14, 14, 14, 14, 14, 14, 14, 14, 14, 14, 14, 14, 14, 14)]: 2
[(15, 15, 15, 15, 15, 15, 15, 15, 15, 15, 15, 15, 15, 15, 15)]: 1
[(16, 16, 16, 16, 16, 16, 16, 16, 16, 16, 16, 16, 16, 16, 16)]: 2
[(17, 17, 17, 17, 17, 17, 17, 17, 17, 17, 17, 17, 17, 17, 17)]: 1
[(18, 18, 18, 18, 18, 18, 18, 18, 18, 18, 18, 18, 18, 18, 18)]: 2
[(19, 19, 19, 19, 19, 19, 19, 19, 19, 19, 19, 19, 19, 19, 19)]: 1
[(20, 20, 20, 20, 20, 20, 20, 20, 20, 20, 20, 20, 20, 20, 20)]: 2
[(1, 1, 1, 1, 1, 1, 1, 1, 1, 1, 1, 1, 1, 1, 1, 1)]: 2
[(2, 2, 2, 2, 2, 2, 2, 2, 2, 2, 2, 2, 2, 2, 2, 2)]: 0
[(3, 3, 3, 3, 3, 3, 3, 3, 3, 3, 3, 3, 3, 3, 3, 3)]: 2
[(4, 4, 4, 4, 4, 4, 4, 4, 4, 4, 4, 4, 4, 4, 4, 4)]: 0
[(5, 5, 5, 5, 5, 5, 5, 5, 5, 5, 5, 5, 5, 5, 5, 5)]: 2
[(6, 6, 6, 6, 6, 6, 6, 6, 6, 6, 6, 6, 6, 6, 6, 6)]: 0
[(7, 7, 7, 7, 7, 7, 7, 7, 7, 7, 7, 7, 7, 7, 7, 7)]: 2
[(8, 8, 8, 8, 8, 8, 8, 8, 8, 8, 8, 8, 8, 8, 8, 8)]: 0
[(9, 9, 9, 9, 9, 9, 9, 9, 9, 9, 9, 9, 9, 9, 9, 9)]: 2
[(10, 10, 10, 10, 10, 10, 10, 10, 10, 10, 10, 10, 10, 10, 10, 10)]: 0
[(11, 11, 11, 11, 11, 11, 11, 11, 11, 11, 11, 11, 11, 11, 11, 11)]: 2
[(12, 12, 12, 12, 12, 12, 12, 12, 12, 12, 12, 12, 12, 12, 12, 12)]: 0
[(13, 13, 13, 13, 13, 13, 13, 13, 13, 13, 13, 13, 13, 13, 13, 13)]: 2
[(14, 14, 14, 14, 14, 14, 14, 14, 14, 14, 14, 14, 14, 14, 14, 14)]: 0
[(15, 15, 15, 15, 15, 15, 15, 15, 15, 15, 15, 15, 15, 15, 15, 15)]: 2
[(16, 16, 16, 16, 16, 16, 16, 16, 16, 16, 16, 16, 16, 16, 16, 16)]: 0
[(17, 17, 17, 17, 17, 17, 17, 17, 17, 17, 17, 17, 17, 17, 17, 17)]: 2
[(18, 18, 18, 18, 18, 18, 18, 18, 18, 18, 18, 18, 18, 18, 18, 18)]: 0
[(19, 19, 19, 19, 19, 19, 19, 19, 19, 19, 19, 19, 19, 19, 19, 19)]: 2
[(20, 20, 20, 20, 20, 20, 20, 20, 20, 20, 20, 20, 20, 20, 20, 20)]: 0
[(1, 1, 1, 1, 1, 1, 1, 1, 1, 1, 1, 1, 1, 1, 1, 1, 1)]: 1
[(2, 2, 2, 2, 2, 2, 2, 2, 2, 2, 2, 2, 2, 2, 2, 2, 2)]: 2
[(3, 3, 3, 3, 3, 3, 3, 3, 3, 3, 3, 3, 3, 3, 3, 3, 3)]: 1
[(4, 4, 4, 4, 4, 4, 4, 4, 4, 4, 4, 4, 4, 4, 4, 4, 4)]: 2
[(5, 5, 5, 5, 5, 5, 5, 5, 5, 5, 5, 5, 5, 5, 5, 5, 5)]: 1
[(6, 6, 6, 6, 6, 6, 6, 6, 6, 6, 6, 6, 6, 6, 6, 6, 6)]: 2
[(7, 7, 7, 7, 7, 7, 7, 7, 7, 7, 7, 7, 7, 7, 7, 7, 7)]: 1
[(8, 8, 8, 8, 8, 8, 8, 8, 8, 8, 8, 8, 8, 8, 8, 8, 8)]: 2
[(9, 9, 9, 9, 9, 9, 9, 9, 9, 9, 9, 9, 9, 9, 9, 9, 9)]: 1
[(10, 10, 10, 10, 10, 10, 10, 10, 10, 10, 10, 10, 10, 10, 10, 10, 10)]: 2
[(11, 11, 11, 11, 11, 11, 11, 11, 11, 11, 11, 11, 11, 11, 11, 11, 11)]: 1
[(12, 12, 12, 12, 12, 12, 12, 12, 12, 12, 12, 12, 12, 12, 12, 12, 12)]: 2
[(13, 13, 13, 13, 13, 13, 13, 13, 13, 13, 13, 13, 13, 13, 13, 13, 13)]: 1
[(14, 14, 14, 14, 14, 14, 14, 14, 14, 14, 14, 14, 14, 14, 14, 14, 14)]: 2
[(15, 15, 15, 15, 15, 15, 15, 15, 15, 15, 15, 15, 15, 15, 15, 15, 15)]: 1
[(16, 16, 16, 16, 16, 16, 16, 16, 16, 16, 16, 16, 16, 16, 16, 16, 16)]: 2
[(17, 17, 17, 17, 17, 17, 17, 17, 17, 17, 17, 17, 17, 17, 17, 17, 17)]: 1
[(18, 18, 18, 18, 18, 18, 18, 18, 18, 18, 18, 18, 18, 18, 18, 18, 18)]: 2
[(19, 19, 19, 19, 19, 19, 19, 19, 19, 19, 19, 19, 19, 19, 19, 19, 19)]: 1
[(20, 20, 20, 20, 20, 20, 20, 20, 20, 20, 20, 20, 20, 20, 20, 20, 20)]: 2
[(1, 1, 1, 1, 1, 1, 1, 1, 1, 1, 1, 1, 1, 1, 1, 1, 1, 1)]: 2
[(2, 2, 2, 2, 2, 2, 2, 2, 2, 2, 2, 2, 2, 2, 2, 2, 2, 2)]: 0
[(3, 3, 3, 3, 3, 3, 3, 3, 3, 3, 3, 3, 3, 3, 3, 3, 3, 3)]: 2
[(4, 4, 4, 4, 4, 4, 4, 4, 4, 4, 4, 4, 4, 4, 4, 4, 4, 4)]: 0
[(5, 5, 5, 5, 5, 5, 5, 5, 5, 5, 5, 5, 5, 5, 5, 5, 5, 5)]: 2
[(6, 6, 6, 6, 6, 6, 6, 6, 6, 6, 6, 6, 6, 6, 6, 6, 6, 6)]: 0
[(7, 7, 7, 7, 7, 7, 7, 7, 7, 7, 7, 7, 7, 7, 7, 7, 7, 7)]: 2
[(8, 8, 8, 8, 8, 8, 8, 8, 8, 8, 8, 8, 8, 8, 8, 8, 8, 8)]: 0
[(9, 9, 9, 9, 9, 9, 9, 9, 9, 9, 9, 9, 9, 9, 9, 9, 9, 9)]: 2
[(10, 10, 10, 10, 10, 10, 10, 10, 10, 10, 10, 10, 10, 10, 10, 10, 10, 10)]: 0
[(11, 11, 11, 11, 11, 11, 11, 11, 11, 11, 11, 11, 11, 11, 11, 11, 11, 11)]: 2
[(12, 12, 12, 12, 12, 12, 12, 12, 12, 12, 12, 12, 12, 12, 12, 12, 12, 12)]: 0
[(13, 13, 13, 13, 13, 13, 13, 13, 13, 13, 13, 13, 13, 13, 13, 13, 13, 13)]: 2
[(14, 14, 14, 14, 14, 14, 14, 14, 14, 14, 14, 14, 14, 14, 14, 14, 14, 14)]: 0
[(15, 15, 15, 15, 15, 15, 15, 15, 15, 15, 15, 15, 15, 15, 15, 15, 15, 15)]: 2
[(16, 16, 16, 16, 16, 16, 16, 16, 16, 16, 16, 16, 16, 16, 16, 16, 16, 16)]: 0
[(17, 17, 17, 17, 17, 17, 17, 17, 17, 17, 17, 17, 17, 17, 17, 17, 17, 17)]: 2
[(18, 18, 18, 18, 18, 18, 18, 18, 18, 18, 18, 18, 18, 18, 18, 18, 18, 18)]: 0
[(19, 19, 19, 19, 19, 19, 19, 19, 19, 19, 19, 19, 19, 19, 19, 19, 19, 19)]: 2
[(20, 20, 20, 20, 20, 20, 20, 20, 20, 20, 20, 20, 20, 20, 20, 20, 20, 20)]: 0
[(1, 1, 1, 1, 1, 1, 1, 1, 1, 1, 1, 1, 1, 1, 1, 1, 1, 1, 1)]: 1
[(2, 2, 2, 2, 2, 2, 2, 2, 2, 2, 2, 2, 2, 2, 2, 2, 2, 2, 2)]: 2
[(3, 3, 3, 3, 3, 3, 3, 3, 3, 3, 3, 3, 3, 3, 3, 3, 3, 3, 3)]: 1
[(4, 4, 4, 4, 4, 4, 4, 4, 4, 4, 4, 4, 4, 4, 4, 4, 4, 4, 4)]: 2
[(5, 5, 5, 5, 5, 5, 5, 5, 5, 5, 5, 5, 5, 5, 5, 5, 5, 5, 5)]: 1
[(6, 6, 6, 6, 6, 6, 6, 6, 6, 6, 6, 6, 6, 6, 6, 6, 6, 6, 6)]: 2
[(7, 7, 7, 7, 7, 7, 7, 7, 7, 7, 7, 7, 7, 7, 7, 7, 7, 7, 7)]: 1
[(8, 8, 8, 8, 8, 8, 8, 8, 8, 8, 8, 8, 8, 8, 8, 8, 8, 8, 8)]: 2
[(9, 9, 9, 9, 9, 9, 9, 9, 9, 9, 9, 9, 9, 9, 9, 9, 9, 9, 9)]: 1
[(10, 10, 10, 10, 10, 10, 10, 10, 10, 10, 10, 10, 10, 10, 10, 10, 10, 10, 10)]: 2
[(11, 11, 11, 11, 11, 11, 11, 11, 11, 11, 11, 11, 11, 11, 11, 11, 11, 11, 11)]: 1
[(12, 12, 12, 12, 12, 12, 12, 12, 12, 12, 12, 12, 12, 12, 12, 12, 12, 12, 12)]: 2
[(13, 13, 13, 13, 13, 13, 13, 13, 13, 13, 13, 13, 13, 13, 13, 13, 13, 13, 13)]: 1
[(14, 14, 14, 14, 14, 14, 14, 14, 14, 14, 14, 14, 14, 14, 14, 14, 14, 14, 14)]: 2
[(15, 15, 15, 15, 15, 15, 15, 15, 15, 15, 15, 15, 15, 15, 15, 15, 15, 15, 15)]: 1
[(16, 16, 16, 16, 16, 16, 16, 16, 16, 16, 16, 16, 16, 16, 16, 16, 16, 16, 16)]: 2
[(17, 17, 17, 17, 17, 17, 17, 17, 17, 17, 17, 17, 17, 17, 17, 17, 17, 17, 17)]: 1
[(18, 18, 18, 18, 18, 18, 18, 18, 18, 18, 18, 18, 18, 18, 18, 18, 18, 18, 18)]: 2
[(19, 19, 19, 19, 19, 19, 19, 19, 19, 19, 19, 19, 19, 19, 19, 19, 19, 19, 19)]: 1
[(20, 20, 20, 20, 20, 20, 20, 20, 20, 20, 20, 20, 20, 20, 20, 20, 20, 20, 20)]: 2
[(1, 1, 1, 1, 1, 1, 1, 1, 1, 1, 1, 1, 1, 1, 1, 1, 1, 1, 1, 1)]: 2
[(2, 2, 2, 2, 2, 2, 2, 2, 2, 2, 2, 2, 2, 2, 2, 2, 2, 2, 2, 2)]: 0
[(3, 3, 3, 3, 3, 3, 3, 3, 3, 3, 3, 3, 3, 3, 3, 3, 3, 3, 3, 3)]: 2
[(4, 4, 4, 4, 4, 4, 4, 4, 4, 4, 4, 4, 4, 4, 4, 4, 4, 4, 4, 4)]: 0
[(5, 5, 5, 5, 5, 5, 5, 5, 5, 5, 5, 5, 5, 5, 5, 5, 5, 5, 5, 5)]: 2
[(6, 6, 6, 6, 6, 6, 6, 6, 6, 6, 6, 6, 6, 6, 6, 6, 6, 6, 6, 6)]: 0
[(7, 7, 7, 7, 7, 7, 7, 7, 7, 7, 7, 7, 7, 7, 7, 7, 7, 7, 7, 7)]: 2
[(8, 8, 8, 8, 8, 8, 8, 8, 8, 8, 8, 8, 8, 8, 8, 8, 8, 8, 8, 8)]: 0
[(9, 9, 9, 9, 9, 9, 9, 9, 9, 9, 9, 9, 9, 9, 9, 9, 9, 9, 9, 9)]: 2
[(10, 10, 10, 10, 10, 10, 10, 10, 10, 10, 10, 10, 10, 10, 10, 10, 10, 10, 10, 10)]: 0
[(11, 11, 11, 11, 11, 11, 11, 11, 11, 11, 11, 11, 11, 11, 11, 11, 11, 11, 11, 11)]: 2
[(12, 12, 12, 12, 12, 12, 12, 12, 12, 12, 12, 12, 12, 12, 12, 12, 12, 12, 12, 12)]: 0
[(13, 13, 13, 13, 13, 13, 13, 13, 13, 13, 13, 13, 13, 13, 13, 13, 13, 13, 13, 13)]: 2
[(14, 14, 14, 14, 14, 14, 14, 14, 14, 14, 14, 14, 14, 14, 14, 14, 14, 14, 14, 14)]: 0
[(15, 15, 15, 15, 15, 15, 15, 15, 15, 15, 15, 15, 15, 15, 15, 15, 15, 15, 15, 15)]: 2
[(16, 16, 16, 16, 16, 16, 16, 16, 16, 16, 16, 16, 16, 16, 16, 16, 16, 16, 16, 16)]: 0
[(17, 17, 17, 17, 17, 17, 17, 17, 17, 17, 17, 17, 17, 17, 17, 17, 17, 17, 17, 17)]: 2
[(18, 18, 18, 18, 18, 18, 18, 18, 18, 18, 18, 18, 18, 18, 18, 18, 18, 18, 18, 18)]: 0
[(19, 19, 19, 19, 19, 19, 19, 19, 19, 19, 19, 19, 19, 19, 19, 19, 19, 19, 19, 19)]: 2
[(20, 20, 20, 20, 20, 20, 20, 20, 20, 20, 20, 20, 20, 20, 20, 20, 20, 20, 20, 20)]: 0
